25 2694 0 1 27085000
28 1408 2 1 3098333
30 1754 2 4 21088333
31 1243 1 4 3098333
30 2495 1 5 9095000
26 893 0 3 3098333
37 510 0 0 3098333
34 1366 1 0 3098333
27 1570 0 0 3098333
28 1451 0 0 9095000
29 2436 8 5 27085000
30 345 1 0 3098333
30 2340 0 0 3098333
33 2703 11 7 3098333
22 2226 2 0 9095000
33 306 0 0 3098333
31 2292 1 2 3098333
24 83 0 0 3098333
26 1934 0 0 3098333
19 19 0 0 15091666
23 1291 2 2 15091666
33 897 1 3 3098333
21 1 0 0 3098333
21 1460 2 0 9095000
26 222 0 0 3098333
20 1 0 0 3098333
27 2566 1 0 3098333
33 582 1 0 3098333
27 1897 4 16 33081666
24 501 0 0 3098333
27 720 0 0 9095000
34 2797 1 1 3098333
24 2461 9 5 81055000
28 1502 1 0 3098333
25 2256 2 2 39078333
21 5 0 0 3098333
25 232 0 0 3098333
26 2080 3 2 15091666
26 2717 0 2 15091666
35 74 0 0 3098333
24 126 0 0 3098333
26 93 0 0 3098333
32 974 1 0 3098333
23 527 0 0 75058333
36 270 0 0 3098333
26 2628 4 7 9095000
28 1482 2 3 27085000
27 471 0 0 3098333
20 20 0 0 9095000
25 1462 1 2 21088333
26 1311 1 5 9095000
25 3 0 0 3098333
39 1080 0 0 3098333
28 2831 0 2 9095000
24 1824 3 3 27085000
26 2874 1 2 33081666
27 2019 2 0 3098333
35 3060 0 0 3098333
20 261 0 0 3098333
30 1950 5 11 21088333
34 2413 1 12 3098333
33 2399 0 0 3098333
35 126 0 0 3098333
30 2070 3 0 3098333
22 17 0 0 3098333
24 677 0 0 45075000
36 900 0 0 3098333
26 2671 7 14 27085000
31 376 1 1 3098333
27 659 0 0 3098333
24 19 0 0 9095000
26 2000 1 1 3098333
23 1023 1 3 33081666
29 1313 0 9 3098333
27 529 0 0 3098333
29 1892 0 0 3098333
22 632 0 0 27085000
35 236 0 0 3098333
32 1680 2 2 3098333
32 819 1 0 3098333
29 1965 2 9 9095000
25 1841 0 1 3098333
31 1290 0 0 3098333
32 290 0 1 3098333
31 622 0 1 9095000
35 1681 8 9 3098333
22 1089 4 0 141021666
23 90 0 0 9095000
23 82 0 0 15091666
35 540 0 0 3098333
19 25 0 0 9095000
29 1368 2 3 3098333
25 11 0 0 3098333
27 1449 0 0 9095000
29 328 0 0 3098333
27 1073 3 0 27085000
26 1754 5 10 27085000
24 459 0 0 3098333
33 1 0 0 3098333
33 2559 4 7 3098333
30 1565 3 1 3098333
33 1792 0 0 3098333
23 2102 3 5 3098333
30 1966 0 0 3098333
29 472 0 0 3098333
26 1463 1 5 75058333
26 425 0 1 3098333
29 2114 2 2 9095000
29 1234 0 0 3098333
22 138 0 1 9095000
21 146 0 0 9095000
34 630 0 0 3098333
24 2727 5 8 51071666
26 1844 4 4 9095000
21 2 0 0 27085000
34 808 0 2 3098333
26 2736 8 10 27085000
26 561 0 0 3098333
24 90 0 0 3098333
37 2070 0 0 3098333
28 1339 3 0 3098333
31 1125 0 0 3098333
25 1446 1 5 15091666
27 380 0 0 15091666
22 92 0 0 15091666
25 505 0 0 3098333
27 2524 3 16 75058333
29 484 0 0 27085000
23 2 0 0 15091666
23 1164 2 1 3098333
32 990 0 0 3098333
24 2054 3 2 51071666
25 326 0 1 3098333
28 2052 2 0 9095000
20 306 1 0 27085000
27 269 0 0 3098333
22 691 1 0 3098333
30 898 2 4 9095000
24 2970 1 1 51071666
33 2766 4 3 3098333
28 951 1 2 21088333
29 936 0 5 27085000
37 794 0 3 3098333
28 1830 2 2 9095000
28 513 0 0 3098333
31 1890 1 1 9095000
29 2433 2 2 27085000
31 2793 5 4 3098333
27 1686 5 0 21088333
31 702 2 0 3098333
29 2453 1 0 3098333
27 292 0 2 3098333
32 1247 1 0 3098333
28 1616 1 0 3098333
28 1983 0 0 9095000
35 2970 0 0 3098333
21 151 0 0 9095000
26 1665 1 2 39078333
24 143 0 0 3098333
29 898 0 0 9095000
34 1150 0 0 3098333
27 1294 5 2 57068333
22 4 0 0 9095000
20 356 0 3 33081666
30 967 0 0 3098333
32 1549 2 2 3098333
27 919 0 1 3098333
33 1449 4 11 9095000
28 2184 1 1 15091666
29 2 0 0 27085000
28 1835 0 0 3098333
31 1440 0 4 3098333
30 1 0 0 3098333
21 1 0 0 3098333
29 1750 3 10 3098333
36 1349 2 6 3098333
29 1422 5 6 27085000
29 403 0 0 3098333
24 1 0 0 3098333
27 57 0 0 3098333
29 2493 0 1 27085000
21 16 0 0 3098333
24 610 0 0 27085000
25 2407 0 1 39078333
28 2664 1 1 9095000
22 2234 7 9 141021666
22 467 1 0 9095000
23 360 0 0 3098333
34 180 0 0 3098333
25 2398 1 1 3098333
19 12 0 0 3098333
28 2279 3 8 9095000
33 3060 0 0 3098333
36 497 0 0 3098333
31 1884 1 5 3098333
25 136 0 0 3098333
23 2470 1 1 51071666
30 2823 7 1 45075000
31 1248 2 9 3098333
32 1350 0 0 3098333
26 311 0 1 3098333
27 2430 0 0 39078333
24 1518 0 0 27085000
26 90 0 0 3098333
25 560 0 0 33081666
25 540 1 3 33081666
30 1278 2 0 3098333
23 2167 0 1 75058333
21 18 0 0 3098333
22 2691 4 8 180000000
32 440 1 1 3098333
31 1018 3 0 15091666
25 1625 0 0 27085000
27 2019 1 0 3098333
20 74 0 1 9095000
30 2414 1 1 9095000
28 18 0 0 9095000
24 1709 5 4 15091666
33 1479 2 4 3098333
25 1656 1 1 9095000
34 2340 0 0 3098333
27 2415 3 8 21088333
22 596 1 4 9095000
25 81 0 0 15091666
21 1 0 0 3098333
31 108 0 0 3098333
24 57 0 0 3098333
27 1418 1 2 15091666
33 90 0 0 3098333
27 177 0 0 3098333
20 5 0 0 3098333
27 1504 0 0 9095000
27 1046 0 0 21088333
20 1122 1 7 9095000
35 2970 0 0 3098333
23 1415 4 5 45075000
32 1783 4 4 3098333
22 8 0 0 3098333
23 1284 1 1 15091666
30 1458 0 2 3098333
29 1997 5 9 33081666
