25 2694 0 1 28584166
28 1408 2 1 4597500
30 1754 2 4 22587500
31 1243 1 4 4597500
30 2495 1 5 7595833
26 893 0 3 1599166
37 510 0 0 1599166
34 1366 1 0 1599166
27 1570 0 0 4597500
28 1451 0 0 7595833
29 2436 8 5 25585833
30 345 1 0 1599166
30 2340 0 0 4597500
33 2703 11 7 1599166
22 2226 2 0 10594166
33 306 0 0 1599166
31 2292 1 2 4597500
24 83 0 0 1599166
26 1934 0 0 4597500
19 19 0 0 16590833
23 1291 2 2 16590833
33 897 1 3 1599166
21 1 0 0 1599166
21 1460 2 0 10594166
26 222 0 0 1599166
20 1 0 0 4597500
27 2566 1 0 4597500
33 582 1 0 1599166
27 1897 4 16 34580833
24 501 0 0 4597500
27 720 0 0 7595833
34 2797 1 1 1599166
24 2461 9 5 79555833
28 1502 1 0 4597500
25 2256 2 2 40577500
21 5 0 0 4597500
25 232 0 0 1599166
26 2080 3 2 13592500
26 2717 0 2 13592500
35 74 0 0 1599166
24 126 0 0 1599166
26 93 0 0 1599166
32 974 1 0 1599166
23 527 0 0 73559166
36 270 0 0 1599166
26 2628 4 7 10594166
28 1482 2 3 25585833
27 471 0 0 4597500
20 20 0 0 10594166
25 1462 1 2 22587500
26 1311 1 5 10594166
25 3 0 0 1599166
39 1080 0 0 4597500
28 2831 0 2 7595833
24 1824 3 3 28584166
26 2874 1 2 34580833
27 2019 2 0 1599166
35 3060 0 0 1599166
20 261 0 0 4597500
30 1950 5 11 22587500
34 2413 1 12 4597500
33 2399 0 0 1599166
35 126 0 0 1599166
30 2070 3 0 1599166
22 17 0 0 1599166
24 677 0 0 43575833
36 900 0 0 4597500
26 2671 7 14 28584166
31 376 1 1 4597500
27 659 0 0 1599166
24 19 0 0 7595833
26 2000 1 1 4597500
23 1023 1 3 31582500
29 1313 0 9 4597500
27 529 0 0 1599166
29 1892 0 0 4597500
22 632 0 0 25585833
35 236 0 0 1599166
32 1680 2 2 1599166
32 819 1 0 1599166
29 1965 2 9 7595833
25 1841 0 1 1599166
31 1290 0 0 1599166
32 290 0 1 1599166
31 622 0 1 7595833
35 1681 8 9 4597500
22 1089 4 0 139522500
23 90 0 0 7595833
23 82 0 0 16590833
35 540 0 0 1599166
19 25 0 0 7595833
29 1368 2 3 4597500
25 11 0 0 4597500
27 1449 0 0 7595833
29 328 0 0 4597500
27 1073 3 0 25585833
26 1754 5 10 25585833
24 459 0 0 1599166
33 1 0 0 1599166
33 2559 4 7 1599166
30 1565 3 1 1599166
33 1792 0 0 1599166
23 2102 3 5 4597500
30 1966 0 0 1599166
29 472 0 0 4597500
26 1463 1 5 73559166
26 425 0 1 4597500
29 2114 2 2 7595833
29 1234 0 0 4597500
22 138 0 1 7595833
21 146 0 0 7595833
34 630 0 0 1599166
24 2727 5 8 49572500
26 1844 4 4 10594166
21 2 0 0 25585833
34 808 0 2 1599166
26 2736 8 10 28584166
26 561 0 0 1599166
24 90 0 0 1599166
37 2070 0 0 1599166
28 1339 3 0 4597500
31 1125 0 0 1599166
25 1446 1 5 16590833
27 380 0 0 13592500
22 92 0 0 16590833
25 505 0 0 1599166
27 2524 3 16 73559166
29 484 0 0 25585833
23 2 0 0 13592500
23 1164 2 1 4597500
32 990 0 0 1599166
24 2054 3 2 49572500
25 326 0 1 4597500
28 2052 2 0 10594166
20 306 1 0 28584166
27 269 0 0 4597500
22 691 1 0 4597500
30 898 2 4 7595833
24 2970 1 1 49572500
33 2766 4 3 4597500
28 951 1 2 19589166
29 936 0 5 25585833
37 794 0 3 1599166
28 1830 2 2 7595833
28 513 0 0 4597500
31 1890 1 1 7595833
29 2433 2 2 25585833
31 2793 5 4 4597500
27 1686 5 0 19589166
31 702 2 0 1599166
29 2453 1 0 1599166
27 292 0 2 1599166
32 1247 1 0 1599166
28 1616 1 0 4597500
28 1983 0 0 10594166
35 2970 0 0 1599166
21 151 0 0 7595833
26 1665 1 2 40577500
24 143 0 0 1599166
29 898 0 0 7595833
34 1150 0 0 1599166
27 1294 5 2 58567500
22 4 0 0 7595833
20 356 0 3 34580833
30 967 0 0 1599166
32 1549 2 2 1599166
27 919 0 1 4597500
33 1449 4 11 7595833
28 2184 1 1 13592500
29 2 0 0 25585833
28 1835 0 0 1599166
31 1440 0 4 1599166
30 1 0 0 4597500
21 1 0 0 1599166
29 1750 3 10 4597500
36 1349 2 6 1599166
29 1422 5 6 28584166
29 403 0 0 1599166
24 1 0 0 1599166
27 57 0 0 1599166
29 2493 0 1 28584166
21 16 0 0 1599166
24 610 0 0 25585833
25 2407 0 1 37579166
28 2664 1 1 7595833
22 2234 7 9 139522500
22 467 1 0 7595833
23 360 0 0 1599166
34 180 0 0 1599166
25 2398 1 1 4597500
19 12 0 0 4597500
28 2279 3 8 10594166
33 3060 0 0 4597500
36 497 0 0 1599166
31 1884 1 5 1599166
25 136 0 0 1599166
23 2470 1 1 49572500
30 2823 7 1 43575833
31 1248 2 9 1599166
32 1350 0 0 1599166
26 311 0 1 4597500
27 2430 0 0 40577500
24 1518 0 0 25585833
26 90 0 0 4597500
25 560 0 0 31582500
25 540 1 3 34580833
30 1278 2 0 1599166
23 2167 0 1 73559166
21 18 0 0 1599166
22 2691 4 8 180000000
32 440 1 1 1599166
31 1018 3 0 13592500
25 1625 0 0 25585833
27 2019 1 0 1599166
20 74 0 1 10594166
30 2414 1 1 7595833
28 18 0 0 7595833
24 1709 5 4 13592500
33 1479 2 4 1599166
25 1656 1 1 7595833
34 2340 0 0 1599166
27 2415 3 8 22587500
22 596 1 4 7595833
25 81 0 0 16590833
21 1 0 0 1599166
31 108 0 0 1599166
24 57 0 0 1599166
27 1418 1 2 16590833
33 90 0 0 1599166
27 177 0 0 1599166
20 5 0 0 4597500
27 1504 0 0 10594166
27 1046 0 0 19589166
20 1122 1 7 10594166
35 2970 0 0 1599166
23 1415 4 5 43575833
32 1783 4 4 4597500
22 8 0 0 1599166
23 1284 1 1 13592500
30 1458 0 2 1599166
29 1997 5 9 31582500
