1.000000000000000000e+05 3.098333333333333489e+06
3.098333333333333489e+06 6.096666666666666977e+06
6.096666666666666977e+06 9.095000000000000000e+06
9.095000000000000000e+06 1.209333333333333395e+07
1.209333333333333395e+07 1.509166666666666791e+07
1.509166666666666791e+07 1.809000000000000000e+07
1.809000000000000000e+07 2.108833333333333582e+07
2.108833333333333582e+07 2.408666666666666791e+07
2.408666666666666791e+07 2.708500000000000000e+07
2.708500000000000000e+07 3.008333333333333582e+07
3.008333333333333582e+07 3.308166666666666791e+07
3.308166666666666791e+07 3.608000000000000000e+07
3.608000000000000000e+07 3.907833333333333582e+07
3.907833333333333582e+07 4.207666666666667163e+07
4.207666666666667163e+07 4.507500000000000000e+07
4.507500000000000000e+07 4.807333333333333582e+07
4.807333333333333582e+07 5.107166666666667163e+07
5.107166666666667163e+07 5.407000000000000000e+07
5.407000000000000000e+07 5.706833333333333582e+07
5.706833333333333582e+07 6.006666666666667163e+07
6.006666666666667163e+07 6.306500000000000000e+07
6.306500000000000000e+07 6.606333333333333582e+07
6.606333333333333582e+07 6.906166666666667163e+07
6.906166666666667163e+07 7.206000000000000000e+07
7.206000000000000000e+07 7.505833333333334327e+07
7.505833333333334327e+07 7.805666666666667163e+07
7.805666666666667163e+07 8.105500000000000000e+07
8.105500000000000000e+07 8.405333333333334327e+07
8.405333333333334327e+07 8.705166666666667163e+07
8.705166666666667163e+07 9.005000000000000000e+07
9.005000000000000000e+07 9.304833333333334327e+07
9.304833333333334327e+07 9.604666666666667163e+07
9.604666666666667163e+07 9.904500000000000000e+07
9.904500000000000000e+07 1.020433333333333433e+08
1.020433333333333433e+08 1.050416666666666716e+08
1.050416666666666716e+08 1.080400000000000000e+08
1.080400000000000000e+08 1.110383333333333433e+08
1.110383333333333433e+08 1.140366666666666716e+08
1.140366666666666716e+08 1.170350000000000000e+08
1.170350000000000000e+08 1.200333333333333433e+08
1.200333333333333433e+08 1.230316666666666716e+08
1.230316666666666716e+08 1.260300000000000000e+08
1.260300000000000000e+08 1.290283333333333433e+08
1.290283333333333433e+08 1.320266666666666716e+08
1.320266666666666716e+08 1.350250000000000000e+08
1.350250000000000000e+08 1.380233333333333433e+08
1.380233333333333433e+08 1.410216666666666865e+08
1.410216666666666865e+08 1.440200000000000000e+08
1.440200000000000000e+08 1.470183333333333433e+08
1.470183333333333433e+08 1.500166666666666865e+08
1.500166666666666865e+08 1.530150000000000000e+08
1.530150000000000000e+08 1.560133333333333433e+08
1.560133333333333433e+08 1.590116666666666865e+08
1.590116666666666865e+08 1.620100000000000000e+08
1.620100000000000000e+08 1.650083333333333433e+08
1.650083333333333433e+08 1.680066666666666865e+08
1.680066666666666865e+08 1.710050000000000000e+08
1.710050000000000000e+08 1.740033333333333433e+08
1.740033333333333433e+08 1.770016666666666865e+08
1.770016666666666865e+08 1.800000000000000000e+08
