2.900000000000000000e+01 1.892000000000000000e+03 0.000000000000000000e+00 0.000000000000000000e+00
2.200000000000000000e+01 6.320000000000000000e+02 0.000000000000000000e+00 0.000000000000000000e+00
3.600000000000000000e+01 4.970000000000000000e+02 0.000000000000000000e+00 0.000000000000000000e+00
2.600000000000000000e+01 2.717000000000000000e+03 0.000000000000000000e+00 2.000000000000000000e+00
3.100000000000000000e+01 2.292000000000000000e+03 1.000000000000000000e+00 2.000000000000000000e+00
2.300000000000000000e+01 3.600000000000000000e+02 0.000000000000000000e+00 0.000000000000000000e+00
3.600000000000000000e+01 9.000000000000000000e+02 0.000000000000000000e+00 0.000000000000000000e+00
2.200000000000000000e+01 1.700000000000000000e+01 0.000000000000000000e+00 0.000000000000000000e+00
2.200000000000000000e+01 2.691000000000000000e+03 4.000000000000000000e+00 8.000000000000000000e+00
3.000000000000000000e+01 2.340000000000000000e+03 0.000000000000000000e+00 0.000000000000000000e+00
2.800000000000000000e+01 1.830000000000000000e+03 2.000000000000000000e+00 2.000000000000000000e+00
2.900000000000000000e+01 2.433000000000000000e+03 2.000000000000000000e+00 2.000000000000000000e+00
2.200000000000000000e+01 2.234000000000000000e+03 7.000000000000000000e+00 9.000000000000000000e+00
2.700000000000000000e+01 2.019000000000000000e+03 2.000000000000000000e+00 0.000000000000000000e+00
2.400000000000000000e+01 9.000000000000000000e+01 0.000000000000000000e+00 0.000000000000000000e+00
3.200000000000000000e+01 4.400000000000000000e+02 1.000000000000000000e+00 1.000000000000000000e+00
3.100000000000000000e+01 1.890000000000000000e+03 1.000000000000000000e+00 1.000000000000000000e+00
2.400000000000000000e+01 2.727000000000000000e+03 5.000000000000000000e+00 8.000000000000000000e+00
2.800000000000000000e+01 5.130000000000000000e+02 0.000000000000000000e+00 0.000000000000000000e+00
2.700000000000000000e+01 1.418000000000000000e+03 1.000000000000000000e+00 2.000000000000000000e+00
2.600000000000000000e+01 5.610000000000000000e+02 0.000000000000000000e+00 0.000000000000000000e+00
2.300000000000000000e+01 2.470000000000000000e+03 1.000000000000000000e+00 1.000000000000000000e+00
2.600000000000000000e+01 4.250000000000000000e+02 0.000000000000000000e+00 1.000000000000000000e+00
3.000000000000000000e+01 2.823000000000000000e+03 7.000000000000000000e+00 1.000000000000000000e+00
2.900000000000000000e+01 1.234000000000000000e+03 0.000000000000000000e+00 0.000000000000000000e+00
3.500000000000000000e+01 7.400000000000000000e+01 0.000000000000000000e+00 0.000000000000000000e+00
3.200000000000000000e+01 8.190000000000000000e+02 1.000000000000000000e+00 0.000000000000000000e+00
3.400000000000000000e+01 2.340000000000000000e+03 0.000000000000000000e+00 0.000000000000000000e+00
2.700000000000000000e+01 1.570000000000000000e+03 0.000000000000000000e+00 0.000000000000000000e+00
2.700000000000000000e+01 1.686000000000000000e+03 5.000000000000000000e+00 0.000000000000000000e+00
3.100000000000000000e+01 2.793000000000000000e+03 5.000000000000000000e+00 4.000000000000000000e+00
2.500000000000000000e+01 2.320000000000000000e+02 0.000000000000000000e+00 0.000000000000000000e+00
2.100000000000000000e+01 2.000000000000000000e+00 0.000000000000000000e+00 0.000000000000000000e+00
3.000000000000000000e+01 1.754000000000000000e+03 2.000000000000000000e+00 4.000000000000000000e+00
2.400000000000000000e+01 1.000000000000000000e+00 0.000000000000000000e+00 0.000000000000000000e+00
3.300000000000000000e+01 9.000000000000000000e+01 0.000000000000000000e+00 0.000000000000000000e+00
2.600000000000000000e+01 1.754000000000000000e+03 5.000000000000000000e+00 1.000000000000000000e+01
3.000000000000000000e+01 1.278000000000000000e+03 2.000000000000000000e+00 0.000000000000000000e+00
2.400000000000000000e+01 2.970000000000000000e+03 1.000000000000000000e+00 1.000000000000000000e+00
3.000000000000000000e+01 8.980000000000000000e+02 2.000000000000000000e+00 4.000000000000000000e+00
2.800000000000000000e+01 2.831000000000000000e+03 0.000000000000000000e+00 2.000000000000000000e+00
2.100000000000000000e+01 1.600000000000000000e+01 0.000000000000000000e+00 0.000000000000000000e+00
3.400000000000000000e+01 2.413000000000000000e+03 1.000000000000000000e+00 1.200000000000000000e+01
2.300000000000000000e+01 5.270000000000000000e+02 0.000000000000000000e+00 0.000000000000000000e+00
3.200000000000000000e+01 1.247000000000000000e+03 1.000000000000000000e+00 0.000000000000000000e+00
2.800000000000000000e+01 1.835000000000000000e+03 0.000000000000000000e+00 0.000000000000000000e+00
2.000000000000000000e+01 2.000000000000000000e+01 0.000000000000000000e+00 0.000000000000000000e+00
3.600000000000000000e+01 1.349000000000000000e+03 2.000000000000000000e+00 6.000000000000000000e+00
3.700000000000000000e+01 5.100000000000000000e+02 0.000000000000000000e+00 0.000000000000000000e+00
3.000000000000000000e+01 1.000000000000000000e+00 0.000000000000000000e+00 0.000000000000000000e+00
3.400000000000000000e+01 6.300000000000000000e+02 0.000000000000000000e+00 0.000000000000000000e+00
2.700000000000000000e+01 3.800000000000000000e+02 0.000000000000000000e+00 0.000000000000000000e+00
2.500000000000000000e+01 8.100000000000000000e+01 0.000000000000000000e+00 0.000000000000000000e+00
3.500000000000000000e+01 3.060000000000000000e+03 0.000000000000000000e+00 0.000000000000000000e+00
2.900000000000000000e+01 2.453000000000000000e+03 1.000000000000000000e+00 0.000000000000000000e+00
2.800000000000000000e+01 1.616000000000000000e+03 1.000000000000000000e+00 0.000000000000000000e+00
3.000000000000000000e+01 1.966000000000000000e+03 0.000000000000000000e+00 0.000000000000000000e+00
2.100000000000000000e+01 1.000000000000000000e+00 0.000000000000000000e+00 0.000000000000000000e+00
2.200000000000000000e+01 1.380000000000000000e+02 0.000000000000000000e+00 1.000000000000000000e+00
2.900000000000000000e+01 1.313000000000000000e+03 0.000000000000000000e+00 9.000000000000000000e+00
3.400000000000000000e+01 1.150000000000000000e+03 0.000000000000000000e+00 0.000000000000000000e+00
3.200000000000000000e+01 1.549000000000000000e+03 2.000000000000000000e+00 2.000000000000000000e+00
2.100000000000000000e+01 1.460000000000000000e+02 0.000000000000000000e+00 0.000000000000000000e+00
2.600000000000000000e+01 2.220000000000000000e+02 0.000000000000000000e+00 0.000000000000000000e+00
3.500000000000000000e+01 1.681000000000000000e+03 8.000000000000000000e+00 9.000000000000000000e+00
