2.400000000000000000e+01 1.000000000000000000e+00 0.000000000000000000e+00 0.000000000000000000e+00
2.500000000000000000e+01 2.398000000000000000e+03 1.000000000000000000e+00 1.000000000000000000e+00
2.800000000000000000e+01 5.130000000000000000e+02 0.000000000000000000e+00 0.000000000000000000e+00
1.900000000000000000e+01 1.200000000000000000e+01 0.000000000000000000e+00 0.000000000000000000e+00
2.300000000000000000e+01 9.000000000000000000e+01 0.000000000000000000e+00 0.000000000000000000e+00
2.900000000000000000e+01 4.840000000000000000e+02 0.000000000000000000e+00 0.000000000000000000e+00
3.000000000000000000e+01 3.450000000000000000e+02 1.000000000000000000e+00 0.000000000000000000e+00
2.500000000000000000e+01 1.656000000000000000e+03 1.000000000000000000e+00 1.000000000000000000e+00
2.500000000000000000e+01 1.462000000000000000e+03 1.000000000000000000e+00 2.000000000000000000e+00
2.700000000000000000e+01 4.710000000000000000e+02 0.000000000000000000e+00 0.000000000000000000e+00
2.200000000000000000e+01 2.691000000000000000e+03 4.000000000000000000e+00 8.000000000000000000e+00
2.700000000000000000e+01 6.590000000000000000e+02 0.000000000000000000e+00 0.000000000000000000e+00
3.500000000000000000e+01 2.360000000000000000e+02 0.000000000000000000e+00 0.000000000000000000e+00
2.800000000000000000e+01 1.835000000000000000e+03 0.000000000000000000e+00 0.000000000000000000e+00
2.800000000000000000e+01 1.339000000000000000e+03 3.000000000000000000e+00 0.000000000000000000e+00
2.800000000000000000e+01 9.510000000000000000e+02 1.000000000000000000e+00 2.000000000000000000e+00
2.900000000000000000e+01 2.453000000000000000e+03 1.000000000000000000e+00 0.000000000000000000e+00
3.400000000000000000e+01 8.080000000000000000e+02 0.000000000000000000e+00 2.000000000000000000e+00
2.500000000000000000e+01 5.050000000000000000e+02 0.000000000000000000e+00 0.000000000000000000e+00
2.500000000000000000e+01 2.407000000000000000e+03 0.000000000000000000e+00 1.000000000000000000e+00
2.500000000000000000e+01 1.446000000000000000e+03 1.000000000000000000e+00 5.000000000000000000e+00
3.100000000000000000e+01 1.290000000000000000e+03 0.000000000000000000e+00 0.000000000000000000e+00
2.900000000000000000e+01 1.997000000000000000e+03 5.000000000000000000e+00 9.000000000000000000e+00
2.500000000000000000e+01 1.841000000000000000e+03 0.000000000000000000e+00 1.000000000000000000e+00
2.800000000000000000e+01 2.664000000000000000e+03 1.000000000000000000e+00 1.000000000000000000e+00
2.600000000000000000e+01 9.300000000000000000e+01 0.000000000000000000e+00 0.000000000000000000e+00
3.000000000000000000e+01 1.950000000000000000e+03 5.000000000000000000e+00 1.100000000000000000e+01
2.300000000000000000e+01 5.270000000000000000e+02 0.000000000000000000e+00 0.000000000000000000e+00
3.300000000000000000e+01 9.000000000000000000e+01 0.000000000000000000e+00 0.000000000000000000e+00
3.200000000000000000e+01 1.783000000000000000e+03 4.000000000000000000e+00 4.000000000000000000e+00
2.100000000000000000e+01 1.000000000000000000e+00 0.000000000000000000e+00 0.000000000000000000e+00
2.700000000000000000e+01 1.073000000000000000e+03 3.000000000000000000e+00 0.000000000000000000e+00
2.100000000000000000e+01 1.800000000000000000e+01 0.000000000000000000e+00 0.000000000000000000e+00
2.700000000000000000e+01 1.046000000000000000e+03 0.000000000000000000e+00 0.000000000000000000e+00
2.900000000000000000e+01 2.433000000000000000e+03 2.000000000000000000e+00 2.000000000000000000e+00
3.300000000000000000e+01 2.703000000000000000e+03 1.100000000000000000e+01 7.000000000000000000e+00
2.400000000000000000e+01 2.461000000000000000e+03 9.000000000000000000e+00 5.000000000000000000e+00
2.100000000000000000e+01 1.000000000000000000e+00 0.000000000000000000e+00 0.000000000000000000e+00
3.200000000000000000e+01 1.549000000000000000e+03 2.000000000000000000e+00 2.000000000000000000e+00
2.600000000000000000e+01 9.000000000000000000e+01 0.000000000000000000e+00 0.000000000000000000e+00
2.900000000000000000e+01 1.368000000000000000e+03 2.000000000000000000e+00 3.000000000000000000e+00
2.700000000000000000e+01 2.019000000000000000e+03 1.000000000000000000e+00 0.000000000000000000e+00
2.400000000000000000e+01 1.430000000000000000e+02 0.000000000000000000e+00 0.000000000000000000e+00
2.800000000000000000e+01 2.052000000000000000e+03 2.000000000000000000e+00 0.000000000000000000e+00
3.300000000000000000e+01 1.000000000000000000e+00 0.000000000000000000e+00 0.000000000000000000e+00
2.100000000000000000e+01 1.000000000000000000e+00 0.000000000000000000e+00 0.000000000000000000e+00
2.100000000000000000e+01 1.600000000000000000e+01 0.000000000000000000e+00 0.000000000000000000e+00
3.400000000000000000e+01 2.797000000000000000e+03 1.000000000000000000e+00 1.000000000000000000e+00
3.600000000000000000e+01 4.970000000000000000e+02 0.000000000000000000e+00 0.000000000000000000e+00
2.000000000000000000e+01 3.060000000000000000e+02 1.000000000000000000e+00 0.000000000000000000e+00
3.400000000000000000e+01 6.300000000000000000e+02 0.000000000000000000e+00 0.000000000000000000e+00
2.000000000000000000e+01 5.000000000000000000e+00 0.000000000000000000e+00 0.000000000000000000e+00
2.300000000000000000e+01 1.291000000000000000e+03 2.000000000000000000e+00 2.000000000000000000e+00
2.300000000000000000e+01 1.023000000000000000e+03 1.000000000000000000e+00 3.000000000000000000e+00
3.000000000000000000e+01 1.278000000000000000e+03 2.000000000000000000e+00 0.000000000000000000e+00
2.700000000000000000e+01 1.770000000000000000e+02 0.000000000000000000e+00 0.000000000000000000e+00
2.700000000000000000e+01 2.430000000000000000e+03 0.000000000000000000e+00 0.000000000000000000e+00
2.700000000000000000e+01 1.418000000000000000e+03 1.000000000000000000e+00 2.000000000000000000e+00
3.400000000000000000e+01 1.366000000000000000e+03 1.000000000000000000e+00 0.000000000000000000e+00
2.000000000000000000e+01 1.000000000000000000e+00 0.000000000000000000e+00 0.000000000000000000e+00
2.300000000000000000e+01 1.415000000000000000e+03 4.000000000000000000e+00 5.000000000000000000e+00
2.900000000000000000e+01 9.360000000000000000e+02 0.000000000000000000e+00 5.000000000000000000e+00
2.500000000000000000e+01 2.694000000000000000e+03 0.000000000000000000e+00 1.000000000000000000e+00
3.100000000000000000e+01 2.793000000000000000e+03 5.000000000000000000e+00 4.000000000000000000e+00
3.100000000000000000e+01 1.018000000000000000e+03 3.000000000000000000e+00 0.000000000000000000e+00
