2.800000000000000000e+01 9.510000000000000000e+02 1.000000000000000000e+00 2.000000000000000000e+00
2.500000000000000000e+01 2.320000000000000000e+02 0.000000000000000000e+00 0.000000000000000000e+00
3.300000000000000000e+01 8.970000000000000000e+02 1.000000000000000000e+00 3.000000000000000000e+00
3.600000000000000000e+01 4.970000000000000000e+02 0.000000000000000000e+00 0.000000000000000000e+00
3.600000000000000000e+01 9.000000000000000000e+02 0.000000000000000000e+00 0.000000000000000000e+00
3.000000000000000000e+01 1.278000000000000000e+03 2.000000000000000000e+00 0.000000000000000000e+00
1.900000000000000000e+01 2.500000000000000000e+01 0.000000000000000000e+00 0.000000000000000000e+00
2.600000000000000000e+01 2.671000000000000000e+03 7.000000000000000000e+00 1.400000000000000000e+01
3.100000000000000000e+01 2.793000000000000000e+03 5.000000000000000000e+00 4.000000000000000000e+00
2.400000000000000000e+01 1.824000000000000000e+03 3.000000000000000000e+00 3.000000000000000000e+00
2.400000000000000000e+01 1.518000000000000000e+03 0.000000000000000000e+00 0.000000000000000000e+00
3.000000000000000000e+01 1.966000000000000000e+03 0.000000000000000000e+00 0.000000000000000000e+00
3.500000000000000000e+01 2.970000000000000000e+03 0.000000000000000000e+00 0.000000000000000000e+00
2.900000000000000000e+01 2.436000000000000000e+03 8.000000000000000000e+00 5.000000000000000000e+00
2.900000000000000000e+01 1.965000000000000000e+03 2.000000000000000000e+00 9.000000000000000000e+00
3.000000000000000000e+01 1.950000000000000000e+03 5.000000000000000000e+00 1.100000000000000000e+01
3.100000000000000000e+01 1.890000000000000000e+03 1.000000000000000000e+00 1.000000000000000000e+00
3.400000000000000000e+01 6.300000000000000000e+02 0.000000000000000000e+00 0.000000000000000000e+00
3.400000000000000000e+01 2.340000000000000000e+03 0.000000000000000000e+00 0.000000000000000000e+00
3.200000000000000000e+01 9.900000000000000000e+02 0.000000000000000000e+00 0.000000000000000000e+00
2.100000000000000000e+01 1.510000000000000000e+02 0.000000000000000000e+00 0.000000000000000000e+00
2.200000000000000000e+01 1.089000000000000000e+03 4.000000000000000000e+00 0.000000000000000000e+00
2.500000000000000000e+01 2.398000000000000000e+03 1.000000000000000000e+00 1.000000000000000000e+00
2.100000000000000000e+01 2.000000000000000000e+00 0.000000000000000000e+00 0.000000000000000000e+00
2.000000000000000000e+01 3.060000000000000000e+02 1.000000000000000000e+00 0.000000000000000000e+00
2.900000000000000000e+01 1.368000000000000000e+03 2.000000000000000000e+00 3.000000000000000000e+00
3.500000000000000000e+01 1.681000000000000000e+03 8.000000000000000000e+00 9.000000000000000000e+00
2.800000000000000000e+01 1.983000000000000000e+03 0.000000000000000000e+00 0.000000000000000000e+00
1.900000000000000000e+01 1.200000000000000000e+01 0.000000000000000000e+00 0.000000000000000000e+00
3.600000000000000000e+01 1.349000000000000000e+03 2.000000000000000000e+00 6.000000000000000000e+00
3.100000000000000000e+01 6.220000000000000000e+02 0.000000000000000000e+00 1.000000000000000000e+00
2.400000000000000000e+01 1.000000000000000000e+00 0.000000000000000000e+00 0.000000000000000000e+00
3.400000000000000000e+01 2.797000000000000000e+03 1.000000000000000000e+00 1.000000000000000000e+00
3.200000000000000000e+01 1.549000000000000000e+03 2.000000000000000000e+00 2.000000000000000000e+00
2.500000000000000000e+01 2.256000000000000000e+03 2.000000000000000000e+00 2.000000000000000000e+00
2.500000000000000000e+01 5.400000000000000000e+02 1.000000000000000000e+00 3.000000000000000000e+00
2.400000000000000000e+01 2.970000000000000000e+03 1.000000000000000000e+00 1.000000000000000000e+00
3.700000000000000000e+01 2.070000000000000000e+03 0.000000000000000000e+00 0.000000000000000000e+00
2.800000000000000000e+01 2.052000000000000000e+03 2.000000000000000000e+00 0.000000000000000000e+00
3.000000000000000000e+01 1.000000000000000000e+00 0.000000000000000000e+00 0.000000000000000000e+00
2.300000000000000000e+01 2.167000000000000000e+03 0.000000000000000000e+00 1.000000000000000000e+00
2.700000000000000000e+01 2.019000000000000000e+03 1.000000000000000000e+00 0.000000000000000000e+00
2.100000000000000000e+01 1.460000000000000000e+02 0.000000000000000000e+00 0.000000000000000000e+00
2.300000000000000000e+01 1.291000000000000000e+03 2.000000000000000000e+00 2.000000000000000000e+00
2.500000000000000000e+01 1.100000000000000000e+01 0.000000000000000000e+00 0.000000000000000000e+00
3.300000000000000000e+01 3.060000000000000000e+03 0.000000000000000000e+00 0.000000000000000000e+00
2.300000000000000000e+01 2.102000000000000000e+03 3.000000000000000000e+00 5.000000000000000000e+00
2.900000000000000000e+01 2.453000000000000000e+03 1.000000000000000000e+00 0.000000000000000000e+00
2.700000000000000000e+01 2.690000000000000000e+02 0.000000000000000000e+00 0.000000000000000000e+00
2.600000000000000000e+01 1.463000000000000000e+03 1.000000000000000000e+00 5.000000000000000000e+00
3.000000000000000000e+01 2.495000000000000000e+03 1.000000000000000000e+00 5.000000000000000000e+00
3.500000000000000000e+01 3.060000000000000000e+03 0.000000000000000000e+00 0.000000000000000000e+00
2.700000000000000000e+01 5.290000000000000000e+02 0.000000000000000000e+00 0.000000000000000000e+00
2.200000000000000000e+01 1.380000000000000000e+02 0.000000000000000000e+00 1.000000000000000000e+00
2.200000000000000000e+01 2.226000000000000000e+03 2.000000000000000000e+00 0.000000000000000000e+00
2.400000000000000000e+01 6.770000000000000000e+02 0.000000000000000000e+00 0.000000000000000000e+00
3.100000000000000000e+01 1.018000000000000000e+03 3.000000000000000000e+00 0.000000000000000000e+00
2.000000000000000000e+01 3.560000000000000000e+02 0.000000000000000000e+00 3.000000000000000000e+00
2.300000000000000000e+01 8.200000000000000000e+01 0.000000000000000000e+00 0.000000000000000000e+00
3.000000000000000000e+01 1.754000000000000000e+03 2.000000000000000000e+00 4.000000000000000000e+00
2.000000000000000000e+01 2.610000000000000000e+02 0.000000000000000000e+00 0.000000000000000000e+00
2.500000000000000000e+01 8.100000000000000000e+01 0.000000000000000000e+00 0.000000000000000000e+00
2.800000000000000000e+01 1.830000000000000000e+03 2.000000000000000000e+00 2.000000000000000000e+00
2.900000000000000000e+01 1.997000000000000000e+03 5.000000000000000000e+00 9.000000000000000000e+00
3.100000000000000000e+01 1.290000000000000000e+03 0.000000000000000000e+00 0.000000000000000000e+00
