3.500000000000000000e+01 2.360000000000000000e+02 0.000000000000000000e+00 0.000000000000000000e+00
3.100000000000000000e+01 2.793000000000000000e+03 5.000000000000000000e+00 4.000000000000000000e+00
1.900000000000000000e+01 2.500000000000000000e+01 0.000000000000000000e+00 0.000000000000000000e+00
3.100000000000000000e+01 6.220000000000000000e+02 0.000000000000000000e+00 1.000000000000000000e+00
3.100000000000000000e+01 1.125000000000000000e+03 0.000000000000000000e+00 0.000000000000000000e+00
2.800000000000000000e+01 1.339000000000000000e+03 3.000000000000000000e+00 0.000000000000000000e+00
2.600000000000000000e+01 2.000000000000000000e+03 1.000000000000000000e+00 1.000000000000000000e+00
2.700000000000000000e+01 1.504000000000000000e+03 0.000000000000000000e+00 0.000000000000000000e+00
3.000000000000000000e+01 1.565000000000000000e+03 3.000000000000000000e+00 1.000000000000000000e+00
2.900000000000000000e+01 2.436000000000000000e+03 8.000000000000000000e+00 5.000000000000000000e+00
3.100000000000000000e+01 1.248000000000000000e+03 2.000000000000000000e+00 9.000000000000000000e+00
3.100000000000000000e+01 1.890000000000000000e+03 1.000000000000000000e+00 1.000000000000000000e+00
2.800000000000000000e+01 1.482000000000000000e+03 2.000000000000000000e+00 3.000000000000000000e+00
2.700000000000000000e+01 2.524000000000000000e+03 3.000000000000000000e+00 1.600000000000000000e+01
2.900000000000000000e+01 8.980000000000000000e+02 0.000000000000000000e+00 0.000000000000000000e+00
3.100000000000000000e+01 1.884000000000000000e+03 1.000000000000000000e+00 5.000000000000000000e+00
3.000000000000000000e+01 2.340000000000000000e+03 0.000000000000000000e+00 0.000000000000000000e+00
2.500000000000000000e+01 2.398000000000000000e+03 1.000000000000000000e+00 1.000000000000000000e+00
2.300000000000000000e+01 9.000000000000000000e+01 0.000000000000000000e+00 0.000000000000000000e+00
2.600000000000000000e+01 2.736000000000000000e+03 8.000000000000000000e+00 1.000000000000000000e+01
2.300000000000000000e+01 1.415000000000000000e+03 4.000000000000000000e+00 5.000000000000000000e+00
3.500000000000000000e+01 2.970000000000000000e+03 0.000000000000000000e+00 0.000000000000000000e+00
2.500000000000000000e+01 2.694000000000000000e+03 0.000000000000000000e+00 1.000000000000000000e+00
3.500000000000000000e+01 2.970000000000000000e+03 0.000000000000000000e+00 0.000000000000000000e+00
3.300000000000000000e+01 1.449000000000000000e+03 4.000000000000000000e+00 1.100000000000000000e+01
2.700000000000000000e+01 2.920000000000000000e+02 0.000000000000000000e+00 2.000000000000000000e+00
2.100000000000000000e+01 2.000000000000000000e+00 0.000000000000000000e+00 0.000000000000000000e+00
2.300000000000000000e+01 2.167000000000000000e+03 0.000000000000000000e+00 1.000000000000000000e+00
3.200000000000000000e+01 1.783000000000000000e+03 4.000000000000000000e+00 4.000000000000000000e+00
2.700000000000000000e+01 1.418000000000000000e+03 1.000000000000000000e+00 2.000000000000000000e+00
2.300000000000000000e+01 8.200000000000000000e+01 0.000000000000000000e+00 0.000000000000000000e+00
2.800000000000000000e+01 1.983000000000000000e+03 0.000000000000000000e+00 0.000000000000000000e+00
2.000000000000000000e+01 5.000000000000000000e+00 0.000000000000000000e+00 0.000000000000000000e+00
2.800000000000000000e+01 2.052000000000000000e+03 2.000000000000000000e+00 0.000000000000000000e+00
2.200000000000000000e+01 6.320000000000000000e+02 0.000000000000000000e+00 0.000000000000000000e+00
2.800000000000000000e+01 5.130000000000000000e+02 0.000000000000000000e+00 0.000000000000000000e+00
2.000000000000000000e+01 2.000000000000000000e+01 0.000000000000000000e+00 0.000000000000000000e+00
2.200000000000000000e+01 1.700000000000000000e+01 0.000000000000000000e+00 0.000000000000000000e+00
2.900000000000000000e+01 1.892000000000000000e+03 0.000000000000000000e+00 0.000000000000000000e+00
2.600000000000000000e+01 2.671000000000000000e+03 7.000000000000000000e+00 1.400000000000000000e+01
2.500000000000000000e+01 1.625000000000000000e+03 0.000000000000000000e+00 0.000000000000000000e+00
2.600000000000000000e+01 4.250000000000000000e+02 0.000000000000000000e+00 1.000000000000000000e+00
2.700000000000000000e+01 1.073000000000000000e+03 3.000000000000000000e+00 0.000000000000000000e+00
3.000000000000000000e+01 2.823000000000000000e+03 7.000000000000000000e+00 1.000000000000000000e+00
2.900000000000000000e+01 1.313000000000000000e+03 0.000000000000000000e+00 9.000000000000000000e+00
2.200000000000000000e+01 4.000000000000000000e+00 0.000000000000000000e+00 0.000000000000000000e+00
2.200000000000000000e+01 2.226000000000000000e+03 2.000000000000000000e+00 0.000000000000000000e+00
2.300000000000000000e+01 1.164000000000000000e+03 2.000000000000000000e+00 1.000000000000000000e+00
3.400000000000000000e+01 6.300000000000000000e+02 0.000000000000000000e+00 0.000000000000000000e+00
2.400000000000000000e+01 5.700000000000000000e+01 0.000000000000000000e+00 0.000000000000000000e+00
2.900000000000000000e+01 1.965000000000000000e+03 2.000000000000000000e+00 9.000000000000000000e+00
2.500000000000000000e+01 5.600000000000000000e+02 0.000000000000000000e+00 0.000000000000000000e+00
3.400000000000000000e+01 2.340000000000000000e+03 0.000000000000000000e+00 0.000000000000000000e+00
2.800000000000000000e+01 1.616000000000000000e+03 1.000000000000000000e+00 0.000000000000000000e+00
2.700000000000000000e+01 5.700000000000000000e+01 0.000000000000000000e+00 0.000000000000000000e+00
2.900000000000000000e+01 2.493000000000000000e+03 0.000000000000000000e+00 1.000000000000000000e+00
2.500000000000000000e+01 8.100000000000000000e+01 0.000000000000000000e+00 0.000000000000000000e+00
2.500000000000000000e+01 3.000000000000000000e+00 0.000000000000000000e+00 0.000000000000000000e+00
2.100000000000000000e+01 1.510000000000000000e+02 0.000000000000000000e+00 0.000000000000000000e+00
3.000000000000000000e+01 1.966000000000000000e+03 0.000000000000000000e+00 0.000000000000000000e+00
2.700000000000000000e+01 2.019000000000000000e+03 1.000000000000000000e+00 0.000000000000000000e+00
3.600000000000000000e+01 9.000000000000000000e+02 0.000000000000000000e+00 0.000000000000000000e+00
2.700000000000000000e+01 2.566000000000000000e+03 1.000000000000000000e+00 0.000000000000000000e+00
3.500000000000000000e+01 3.060000000000000000e+03 0.000000000000000000e+00 0.000000000000000000e+00
2.100000000000000000e+01 1.000000000000000000e+00 0.000000000000000000e+00 0.000000000000000000e+00
