3.900000000000000000e+01 1.080000000000000000e+03 0.000000000000000000e+00 0.000000000000000000e+00
2.800000000000000000e+01 2.831000000000000000e+03 0.000000000000000000e+00 2.000000000000000000e+00
3.000000000000000000e+01 2.414000000000000000e+03 1.000000000000000000e+00 1.000000000000000000e+00
2.600000000000000000e+01 2.628000000000000000e+03 4.000000000000000000e+00 7.000000000000000000e+00
2.600000000000000000e+01 4.250000000000000000e+02 0.000000000000000000e+00 1.000000000000000000e+00
3.300000000000000000e+01 2.766000000000000000e+03 4.000000000000000000e+00 3.000000000000000000e+00
2.500000000000000000e+01 1.462000000000000000e+03 1.000000000000000000e+00 2.000000000000000000e+00
3.400000000000000000e+01 2.340000000000000000e+03 0.000000000000000000e+00 0.000000000000000000e+00
2.100000000000000000e+01 5.000000000000000000e+00 0.000000000000000000e+00 0.000000000000000000e+00
2.000000000000000000e+01 2.000000000000000000e+01 0.000000000000000000e+00 0.000000000000000000e+00
2.600000000000000000e+01 2.000000000000000000e+03 1.000000000000000000e+00 1.000000000000000000e+00
2.900000000000000000e+01 4.030000000000000000e+02 0.000000000000000000e+00 0.000000000000000000e+00
2.800000000000000000e+01 2.184000000000000000e+03 1.000000000000000000e+00 1.000000000000000000e+00
2.200000000000000000e+01 4.670000000000000000e+02 1.000000000000000000e+00 0.000000000000000000e+00
3.200000000000000000e+01 1.549000000000000000e+03 2.000000000000000000e+00 2.000000000000000000e+00
2.700000000000000000e+01 1.570000000000000000e+03 0.000000000000000000e+00 0.000000000000000000e+00
3.200000000000000000e+01 1.247000000000000000e+03 1.000000000000000000e+00 0.000000000000000000e+00
2.400000000000000000e+01 2.970000000000000000e+03 1.000000000000000000e+00 1.000000000000000000e+00
2.600000000000000000e+01 9.300000000000000000e+01 0.000000000000000000e+00 0.000000000000000000e+00
2.700000000000000000e+01 2.690000000000000000e+02 0.000000000000000000e+00 0.000000000000000000e+00
3.400000000000000000e+01 2.797000000000000000e+03 1.000000000000000000e+00 1.000000000000000000e+00
3.300000000000000000e+01 2.399000000000000000e+03 0.000000000000000000e+00 0.000000000000000000e+00
2.600000000000000000e+01 1.665000000000000000e+03 1.000000000000000000e+00 2.000000000000000000e+00
2.200000000000000000e+01 6.910000000000000000e+02 1.000000000000000000e+00 0.000000000000000000e+00
2.400000000000000000e+01 1.000000000000000000e+00 0.000000000000000000e+00 0.000000000000000000e+00
2.800000000000000000e+01 1.616000000000000000e+03 1.000000000000000000e+00 0.000000000000000000e+00
3.000000000000000000e+01 2.070000000000000000e+03 3.000000000000000000e+00 0.000000000000000000e+00
2.700000000000000000e+01 5.290000000000000000e+02 0.000000000000000000e+00 0.000000000000000000e+00
2.100000000000000000e+01 1.000000000000000000e+00 0.000000000000000000e+00 0.000000000000000000e+00
3.100000000000000000e+01 1.890000000000000000e+03 1.000000000000000000e+00 1.000000000000000000e+00
2.700000000000000000e+01 4.710000000000000000e+02 0.000000000000000000e+00 0.000000000000000000e+00
2.900000000000000000e+01 2.000000000000000000e+00 0.000000000000000000e+00 0.000000000000000000e+00
2.800000000000000000e+01 2.664000000000000000e+03 1.000000000000000000e+00 1.000000000000000000e+00
3.200000000000000000e+01 9.740000000000000000e+02 1.000000000000000000e+00 0.000000000000000000e+00
3.000000000000000000e+01 1.950000000000000000e+03 5.000000000000000000e+00 1.100000000000000000e+01
2.700000000000000000e+01 1.504000000000000000e+03 0.000000000000000000e+00 0.000000000000000000e+00
2.400000000000000000e+01 4.590000000000000000e+02 0.000000000000000000e+00 0.000000000000000000e+00
2.900000000000000000e+01 4.840000000000000000e+02 0.000000000000000000e+00 0.000000000000000000e+00
2.900000000000000000e+01 1.422000000000000000e+03 5.000000000000000000e+00 6.000000000000000000e+00
2.600000000000000000e+01 1.463000000000000000e+03 1.000000000000000000e+00 5.000000000000000000e+00
2.500000000000000000e+01 1.625000000000000000e+03 0.000000000000000000e+00 0.000000000000000000e+00
3.500000000000000000e+01 7.400000000000000000e+01 0.000000000000000000e+00 0.000000000000000000e+00
2.700000000000000000e+01 6.590000000000000000e+02 0.000000000000000000e+00 0.000000000000000000e+00
3.100000000000000000e+01 1.018000000000000000e+03 3.000000000000000000e+00 0.000000000000000000e+00
2.300000000000000000e+01 3.600000000000000000e+02 0.000000000000000000e+00 0.000000000000000000e+00
3.100000000000000000e+01 1.080000000000000000e+02 0.000000000000000000e+00 0.000000000000000000e+00
2.400000000000000000e+01 1.709000000000000000e+03 5.000000000000000000e+00 4.000000000000000000e+00
2.700000000000000000e+01 1.294000000000000000e+03 5.000000000000000000e+00 2.000000000000000000e+00
3.700000000000000000e+01 5.100000000000000000e+02 0.000000000000000000e+00 0.000000000000000000e+00
2.600000000000000000e+01 9.000000000000000000e+01 0.000000000000000000e+00 0.000000000000000000e+00
2.900000000000000000e+01 1.313000000000000000e+03 0.000000000000000000e+00 9.000000000000000000e+00
2.300000000000000000e+01 2.470000000000000000e+03 1.000000000000000000e+00 1.000000000000000000e+00
2.400000000000000000e+01 8.300000000000000000e+01 0.000000000000000000e+00 0.000000000000000000e+00
2.600000000000000000e+01 8.930000000000000000e+02 0.000000000000000000e+00 3.000000000000000000e+00
3.200000000000000000e+01 8.190000000000000000e+02 1.000000000000000000e+00 0.000000000000000000e+00
2.400000000000000000e+01 1.260000000000000000e+02 0.000000000000000000e+00 0.000000000000000000e+00
2.900000000000000000e+01 2.433000000000000000e+03 2.000000000000000000e+00 2.000000000000000000e+00
3.500000000000000000e+01 2.970000000000000000e+03 0.000000000000000000e+00 0.000000000000000000e+00
2.700000000000000000e+01 2.019000000000000000e+03 1.000000000000000000e+00 0.000000000000000000e+00
2.700000000000000000e+01 1.073000000000000000e+03 3.000000000000000000e+00 0.000000000000000000e+00
3.400000000000000000e+01 1.800000000000000000e+02 0.000000000000000000e+00 0.000000000000000000e+00
3.600000000000000000e+01 4.970000000000000000e+02 0.000000000000000000e+00 0.000000000000000000e+00
3.300000000000000000e+01 2.559000000000000000e+03 4.000000000000000000e+00 7.000000000000000000e+00
2.400000000000000000e+01 6.770000000000000000e+02 0.000000000000000000e+00 0.000000000000000000e+00
2.600000000000000000e+01 2.220000000000000000e+02 0.000000000000000000e+00 0.000000000000000000e+00
