2.600000000000000000e+01 1.311000000000000000e+03 1.000000000000000000e+00 5.000000000000000000e+00
2.200000000000000000e+01 5.960000000000000000e+02 1.000000000000000000e+00 4.000000000000000000e+00
2.400000000000000000e+01 1.824000000000000000e+03 3.000000000000000000e+00 3.000000000000000000e+00
3.300000000000000000e+01 1.449000000000000000e+03 4.000000000000000000e+00 1.100000000000000000e+01
2.300000000000000000e+01 2.102000000000000000e+03 3.000000000000000000e+00 5.000000000000000000e+00
2.700000000000000000e+01 5.700000000000000000e+01 0.000000000000000000e+00 0.000000000000000000e+00
3.300000000000000000e+01 8.970000000000000000e+02 1.000000000000000000e+00 3.000000000000000000e+00
2.600000000000000000e+01 2.628000000000000000e+03 4.000000000000000000e+00 7.000000000000000000e+00
3.300000000000000000e+01 2.703000000000000000e+03 1.100000000000000000e+01 7.000000000000000000e+00
2.100000000000000000e+01 1.510000000000000000e+02 0.000000000000000000e+00 0.000000000000000000e+00
2.900000000000000000e+01 4.030000000000000000e+02 0.000000000000000000e+00 0.000000000000000000e+00
2.000000000000000000e+01 3.060000000000000000e+02 1.000000000000000000e+00 0.000000000000000000e+00
2.700000000000000000e+01 7.200000000000000000e+02 0.000000000000000000e+00 0.000000000000000000e+00
2.200000000000000000e+01 8.000000000000000000e+00 0.000000000000000000e+00 0.000000000000000000e+00
2.500000000000000000e+01 5.050000000000000000e+02 0.000000000000000000e+00 0.000000000000000000e+00
3.200000000000000000e+01 1.549000000000000000e+03 2.000000000000000000e+00 2.000000000000000000e+00
2.100000000000000000e+01 1.000000000000000000e+00 0.000000000000000000e+00 0.000000000000000000e+00
2.600000000000000000e+01 4.250000000000000000e+02 0.000000000000000000e+00 1.000000000000000000e+00
2.600000000000000000e+01 2.220000000000000000e+02 0.000000000000000000e+00 0.000000000000000000e+00
2.300000000000000000e+01 5.270000000000000000e+02 0.000000000000000000e+00 0.000000000000000000e+00
3.200000000000000000e+01 2.900000000000000000e+02 0.000000000000000000e+00 1.000000000000000000e+00
3.400000000000000000e+01 1.366000000000000000e+03 1.000000000000000000e+00 0.000000000000000000e+00
2.600000000000000000e+01 9.000000000000000000e+01 0.000000000000000000e+00 0.000000000000000000e+00
3.700000000000000000e+01 5.100000000000000000e+02 0.000000000000000000e+00 0.000000000000000000e+00
1.900000000000000000e+01 1.200000000000000000e+01 0.000000000000000000e+00 0.000000000000000000e+00
2.400000000000000000e+01 1.709000000000000000e+03 5.000000000000000000e+00 4.000000000000000000e+00
3.100000000000000000e+01 2.793000000000000000e+03 5.000000000000000000e+00 4.000000000000000000e+00
2.700000000000000000e+01 2.920000000000000000e+02 0.000000000000000000e+00 2.000000000000000000e+00
3.400000000000000000e+01 1.800000000000000000e+02 0.000000000000000000e+00 0.000000000000000000e+00
2.300000000000000000e+01 1.284000000000000000e+03 1.000000000000000000e+00 1.000000000000000000e+00
2.500000000000000000e+01 1.625000000000000000e+03 0.000000000000000000e+00 0.000000000000000000e+00
2.600000000000000000e+01 1.665000000000000000e+03 1.000000000000000000e+00 2.000000000000000000e+00
2.300000000000000000e+01 1.164000000000000000e+03 2.000000000000000000e+00 1.000000000000000000e+00
2.700000000000000000e+01 2.019000000000000000e+03 1.000000000000000000e+00 0.000000000000000000e+00
3.000000000000000000e+01 1.754000000000000000e+03 2.000000000000000000e+00 4.000000000000000000e+00
2.900000000000000000e+01 1.313000000000000000e+03 0.000000000000000000e+00 9.000000000000000000e+00
2.100000000000000000e+01 1.460000000000000000e+03 2.000000000000000000e+00 0.000000000000000000e+00
2.500000000000000000e+01 1.446000000000000000e+03 1.000000000000000000e+00 5.000000000000000000e+00
2.700000000000000000e+01 1.294000000000000000e+03 5.000000000000000000e+00 2.000000000000000000e+00
3.000000000000000000e+01 1.966000000000000000e+03 0.000000000000000000e+00 0.000000000000000000e+00
2.200000000000000000e+01 4.670000000000000000e+02 1.000000000000000000e+00 0.000000000000000000e+00
3.000000000000000000e+01 3.450000000000000000e+02 1.000000000000000000e+00 0.000000000000000000e+00
2.100000000000000000e+01 1.600000000000000000e+01 0.000000000000000000e+00 0.000000000000000000e+00
2.900000000000000000e+01 1.892000000000000000e+03 0.000000000000000000e+00 0.000000000000000000e+00
3.400000000000000000e+01 8.080000000000000000e+02 0.000000000000000000e+00 2.000000000000000000e+00
3.100000000000000000e+01 7.020000000000000000e+02 2.000000000000000000e+00 0.000000000000000000e+00
2.800000000000000000e+01 1.502000000000000000e+03 1.000000000000000000e+00 0.000000000000000000e+00
2.900000000000000000e+01 9.360000000000000000e+02 0.000000000000000000e+00 5.000000000000000000e+00
2.400000000000000000e+01 4.590000000000000000e+02 0.000000000000000000e+00 0.000000000000000000e+00
2.300000000000000000e+01 1.291000000000000000e+03 2.000000000000000000e+00 2.000000000000000000e+00
2.200000000000000000e+01 9.200000000000000000e+01 0.000000000000000000e+00 0.000000000000000000e+00
2.100000000000000000e+01 1.000000000000000000e+00 0.000000000000000000e+00 0.000000000000000000e+00
2.400000000000000000e+01 6.100000000000000000e+02 0.000000000000000000e+00 0.000000000000000000e+00
2.900000000000000000e+01 1.997000000000000000e+03 5.000000000000000000e+00 9.000000000000000000e+00
2.400000000000000000e+01 5.700000000000000000e+01 0.000000000000000000e+00 0.000000000000000000e+00
2.500000000000000000e+01 5.400000000000000000e+02 1.000000000000000000e+00 3.000000000000000000e+00
3.500000000000000000e+01 2.360000000000000000e+02 0.000000000000000000e+00 0.000000000000000000e+00
3.600000000000000000e+01 9.000000000000000000e+02 0.000000000000000000e+00 0.000000000000000000e+00
2.600000000000000000e+01 5.610000000000000000e+02 0.000000000000000000e+00 0.000000000000000000e+00
2.200000000000000000e+01 1.700000000000000000e+01 0.000000000000000000e+00 0.000000000000000000e+00
3.000000000000000000e+01 1.000000000000000000e+00 0.000000000000000000e+00 0.000000000000000000e+00
3.600000000000000000e+01 1.349000000000000000e+03 2.000000000000000000e+00 6.000000000000000000e+00
2.200000000000000000e+01 6.910000000000000000e+02 1.000000000000000000e+00 0.000000000000000000e+00
2.900000000000000000e+01 4.720000000000000000e+02 0.000000000000000000e+00 0.000000000000000000e+00
2.400000000000000000e+01 1.430000000000000000e+02 0.000000000000000000e+00 0.000000000000000000e+00
