2.500000000000000000e+01 2.256000000000000000e+03 2.000000000000000000e+00 2.000000000000000000e+00
2.300000000000000000e+01 1.415000000000000000e+03 4.000000000000000000e+00 5.000000000000000000e+00
3.500000000000000000e+01 3.060000000000000000e+03 0.000000000000000000e+00 0.000000000000000000e+00
2.900000000000000000e+01 2.114000000000000000e+03 2.000000000000000000e+00 2.000000000000000000e+00
3.600000000000000000e+01 9.000000000000000000e+02 0.000000000000000000e+00 0.000000000000000000e+00
3.400000000000000000e+01 2.797000000000000000e+03 1.000000000000000000e+00 1.000000000000000000e+00
2.600000000000000000e+01 1.934000000000000000e+03 0.000000000000000000e+00 0.000000000000000000e+00
3.600000000000000000e+01 4.970000000000000000e+02 0.000000000000000000e+00 0.000000000000000000e+00
2.700000000000000000e+01 1.570000000000000000e+03 0.000000000000000000e+00 0.000000000000000000e+00
2.300000000000000000e+01 1.284000000000000000e+03 1.000000000000000000e+00 1.000000000000000000e+00
3.300000000000000000e+01 2.766000000000000000e+03 4.000000000000000000e+00 3.000000000000000000e+00
2.200000000000000000e+01 9.200000000000000000e+01 0.000000000000000000e+00 0.000000000000000000e+00
2.400000000000000000e+01 1.900000000000000000e+01 0.000000000000000000e+00 0.000000000000000000e+00
2.700000000000000000e+01 2.430000000000000000e+03 0.000000000000000000e+00 0.000000000000000000e+00
2.400000000000000000e+01 2.461000000000000000e+03 9.000000000000000000e+00 5.000000000000000000e+00
2.100000000000000000e+01 1.000000000000000000e+00 0.000000000000000000e+00 0.000000000000000000e+00
3.100000000000000000e+01 2.793000000000000000e+03 5.000000000000000000e+00 4.000000000000000000e+00
3.000000000000000000e+01 1.000000000000000000e+00 0.000000000000000000e+00 0.000000000000000000e+00
3.100000000000000000e+01 3.760000000000000000e+02 1.000000000000000000e+00 1.000000000000000000e+00
3.000000000000000000e+01 2.823000000000000000e+03 7.000000000000000000e+00 1.000000000000000000e+00
3.000000000000000000e+01 1.754000000000000000e+03 2.000000000000000000e+00 4.000000000000000000e+00
3.100000000000000000e+01 1.018000000000000000e+03 3.000000000000000000e+00 0.000000000000000000e+00
2.300000000000000000e+01 2.167000000000000000e+03 0.000000000000000000e+00 1.000000000000000000e+00
2.000000000000000000e+01 7.400000000000000000e+01 0.000000000000000000e+00 1.000000000000000000e+00
2.800000000000000000e+01 1.339000000000000000e+03 3.000000000000000000e+00 0.000000000000000000e+00
2.700000000000000000e+01 1.686000000000000000e+03 5.000000000000000000e+00 0.000000000000000000e+00
2.600000000000000000e+01 2.080000000000000000e+03 3.000000000000000000e+00 2.000000000000000000e+00
2.900000000000000000e+01 4.030000000000000000e+02 0.000000000000000000e+00 0.000000000000000000e+00
2.700000000000000000e+01 1.770000000000000000e+02 0.000000000000000000e+00 0.000000000000000000e+00
2.100000000000000000e+01 1.600000000000000000e+01 0.000000000000000000e+00 0.000000000000000000e+00
3.200000000000000000e+01 9.900000000000000000e+02 0.000000000000000000e+00 0.000000000000000000e+00
3.000000000000000000e+01 2.414000000000000000e+03 1.000000000000000000e+00 1.000000000000000000e+00
2.400000000000000000e+01 1.518000000000000000e+03 0.000000000000000000e+00 0.000000000000000000e+00
2.700000000000000000e+01 2.019000000000000000e+03 2.000000000000000000e+00 0.000000000000000000e+00
3.500000000000000000e+01 2.360000000000000000e+02 0.000000000000000000e+00 0.000000000000000000e+00
2.400000000000000000e+01 1.709000000000000000e+03 5.000000000000000000e+00 4.000000000000000000e+00
3.700000000000000000e+01 7.940000000000000000e+02 0.000000000000000000e+00 3.000000000000000000e+00
2.800000000000000000e+01 1.616000000000000000e+03 1.000000000000000000e+00 0.000000000000000000e+00
3.400000000000000000e+01 2.340000000000000000e+03 0.000000000000000000e+00 0.000000000000000000e+00
2.700000000000000000e+01 6.590000000000000000e+02 0.000000000000000000e+00 0.000000000000000000e+00
3.300000000000000000e+01 1.479000000000000000e+03 2.000000000000000000e+00 4.000000000000000000e+00
3.400000000000000000e+01 1.150000000000000000e+03 0.000000000000000000e+00 0.000000000000000000e+00
2.300000000000000000e+01 5.270000000000000000e+02 0.000000000000000000e+00 0.000000000000000000e+00
2.600000000000000000e+01 5.610000000000000000e+02 0.000000000000000000e+00 0.000000000000000000e+00
3.400000000000000000e+01 2.413000000000000000e+03 1.000000000000000000e+00 1.200000000000000000e+01
3.100000000000000000e+01 1.890000000000000000e+03 1.000000000000000000e+00 1.000000000000000000e+00
2.000000000000000000e+01 1.122000000000000000e+03 1.000000000000000000e+00 7.000000000000000000e+00
2.700000000000000000e+01 7.200000000000000000e+02 0.000000000000000000e+00 0.000000000000000000e+00
3.100000000000000000e+01 2.292000000000000000e+03 1.000000000000000000e+00 2.000000000000000000e+00
3.300000000000000000e+01 3.060000000000000000e+03 0.000000000000000000e+00 0.000000000000000000e+00
3.000000000000000000e+01 9.670000000000000000e+02 0.000000000000000000e+00 0.000000000000000000e+00
2.500000000000000000e+01 3.000000000000000000e+00 0.000000000000000000e+00 0.000000000000000000e+00
2.200000000000000000e+01 1.089000000000000000e+03 4.000000000000000000e+00 0.000000000000000000e+00
3.600000000000000000e+01 2.700000000000000000e+02 0.000000000000000000e+00 0.000000000000000000e+00
3.500000000000000000e+01 2.970000000000000000e+03 0.000000000000000000e+00 0.000000000000000000e+00
3.100000000000000000e+01 1.884000000000000000e+03 1.000000000000000000e+00 5.000000000000000000e+00
2.600000000000000000e+01 9.300000000000000000e+01 0.000000000000000000e+00 0.000000000000000000e+00
2.800000000000000000e+01 2.664000000000000000e+03 1.000000000000000000e+00 1.000000000000000000e+00
2.400000000000000000e+01 1.000000000000000000e+00 0.000000000000000000e+00 0.000000000000000000e+00
2.400000000000000000e+01 1.260000000000000000e+02 0.000000000000000000e+00 0.000000000000000000e+00
3.200000000000000000e+01 8.190000000000000000e+02 1.000000000000000000e+00 0.000000000000000000e+00
2.200000000000000000e+01 4.000000000000000000e+00 0.000000000000000000e+00 0.000000000000000000e+00
2.100000000000000000e+01 1.000000000000000000e+00 0.000000000000000000e+00 0.000000000000000000e+00
3.200000000000000000e+01 1.549000000000000000e+03 2.000000000000000000e+00 2.000000000000000000e+00
2.700000000000000000e+01 1.418000000000000000e+03 1.000000000000000000e+00 2.000000000000000000e+00
