3.000000000000000000e+01 2.414000000000000000e+03 1.000000000000000000e+00 1.000000000000000000e+00
2.900000000000000000e+01 2.436000000000000000e+03 8.000000000000000000e+00 5.000000000000000000e+00
2.700000000000000000e+01 2.524000000000000000e+03 3.000000000000000000e+00 1.600000000000000000e+01
3.000000000000000000e+01 1.754000000000000000e+03 2.000000000000000000e+00 4.000000000000000000e+00
2.300000000000000000e+01 1.291000000000000000e+03 2.000000000000000000e+00 2.000000000000000000e+00
2.700000000000000000e+01 1.570000000000000000e+03 0.000000000000000000e+00 0.000000000000000000e+00
2.200000000000000000e+01 1.089000000000000000e+03 4.000000000000000000e+00 0.000000000000000000e+00
3.300000000000000000e+01 9.000000000000000000e+01 0.000000000000000000e+00 0.000000000000000000e+00
3.500000000000000000e+01 7.400000000000000000e+01 0.000000000000000000e+00 0.000000000000000000e+00
2.800000000000000000e+01 1.451000000000000000e+03 0.000000000000000000e+00 0.000000000000000000e+00
2.200000000000000000e+01 2.234000000000000000e+03 7.000000000000000000e+00 9.000000000000000000e+00
2.900000000000000000e+01 1.368000000000000000e+03 2.000000000000000000e+00 3.000000000000000000e+00
2.600000000000000000e+01 1.463000000000000000e+03 1.000000000000000000e+00 5.000000000000000000e+00
2.400000000000000000e+01 6.770000000000000000e+02 0.000000000000000000e+00 0.000000000000000000e+00
3.200000000000000000e+01 4.400000000000000000e+02 1.000000000000000000e+00 1.000000000000000000e+00
2.700000000000000000e+01 6.590000000000000000e+02 0.000000000000000000e+00 0.000000000000000000e+00
2.900000000000000000e+01 4.030000000000000000e+02 0.000000000000000000e+00 0.000000000000000000e+00
3.500000000000000000e+01 2.360000000000000000e+02 0.000000000000000000e+00 0.000000000000000000e+00
3.000000000000000000e+01 3.450000000000000000e+02 1.000000000000000000e+00 0.000000000000000000e+00
3.600000000000000000e+01 9.000000000000000000e+02 0.000000000000000000e+00 0.000000000000000000e+00
2.400000000000000000e+01 1.430000000000000000e+02 0.000000000000000000e+00 0.000000000000000000e+00
2.900000000000000000e+01 1.892000000000000000e+03 0.000000000000000000e+00 0.000000000000000000e+00
2.400000000000000000e+01 8.300000000000000000e+01 0.000000000000000000e+00 0.000000000000000000e+00
2.300000000000000000e+01 2.470000000000000000e+03 1.000000000000000000e+00 1.000000000000000000e+00
2.500000000000000000e+01 1.462000000000000000e+03 1.000000000000000000e+00 2.000000000000000000e+00
3.100000000000000000e+01 3.760000000000000000e+02 1.000000000000000000e+00 1.000000000000000000e+00
2.000000000000000000e+01 2.000000000000000000e+01 0.000000000000000000e+00 0.000000000000000000e+00
3.100000000000000000e+01 2.793000000000000000e+03 5.000000000000000000e+00 4.000000000000000000e+00
2.500000000000000000e+01 1.841000000000000000e+03 0.000000000000000000e+00 1.000000000000000000e+00
3.500000000000000000e+01 5.400000000000000000e+02 0.000000000000000000e+00 0.000000000000000000e+00
3.100000000000000000e+01 6.220000000000000000e+02 0.000000000000000000e+00 1.000000000000000000e+00
2.600000000000000000e+01 1.934000000000000000e+03 0.000000000000000000e+00 0.000000000000000000e+00
2.100000000000000000e+01 5.000000000000000000e+00 0.000000000000000000e+00 0.000000000000000000e+00
2.100000000000000000e+01 1.000000000000000000e+00 0.000000000000000000e+00 0.000000000000000000e+00
2.100000000000000000e+01 2.000000000000000000e+00 0.000000000000000000e+00 0.000000000000000000e+00
2.000000000000000000e+01 7.400000000000000000e+01 0.000000000000000000e+00 1.000000000000000000e+00
2.200000000000000000e+01 5.960000000000000000e+02 1.000000000000000000e+00 4.000000000000000000e+00
3.100000000000000000e+01 1.243000000000000000e+03 1.000000000000000000e+00 4.000000000000000000e+00
2.500000000000000000e+01 3.000000000000000000e+00 0.000000000000000000e+00 0.000000000000000000e+00
2.300000000000000000e+01 8.200000000000000000e+01 0.000000000000000000e+00 0.000000000000000000e+00
2.600000000000000000e+01 2.874000000000000000e+03 1.000000000000000000e+00 2.000000000000000000e+00
2.400000000000000000e+01 1.709000000000000000e+03 5.000000000000000000e+00 4.000000000000000000e+00
2.700000000000000000e+01 1.686000000000000000e+03 5.000000000000000000e+00 0.000000000000000000e+00
2.700000000000000000e+01 5.290000000000000000e+02 0.000000000000000000e+00 0.000000000000000000e+00
2.800000000000000000e+01 2.831000000000000000e+03 0.000000000000000000e+00 2.000000000000000000e+00
2.300000000000000000e+01 2.102000000000000000e+03 3.000000000000000000e+00 5.000000000000000000e+00
2.600000000000000000e+01 1.311000000000000000e+03 1.000000000000000000e+00 5.000000000000000000e+00
3.300000000000000000e+01 2.703000000000000000e+03 1.100000000000000000e+01 7.000000000000000000e+00
3.300000000000000000e+01 2.766000000000000000e+03 4.000000000000000000e+00 3.000000000000000000e+00
3.900000000000000000e+01 1.080000000000000000e+03 0.000000000000000000e+00 0.000000000000000000e+00
2.200000000000000000e+01 6.320000000000000000e+02 0.000000000000000000e+00 0.000000000000000000e+00
3.600000000000000000e+01 1.349000000000000000e+03 2.000000000000000000e+00 6.000000000000000000e+00
3.000000000000000000e+01 2.340000000000000000e+03 0.000000000000000000e+00 0.000000000000000000e+00
2.200000000000000000e+01 9.200000000000000000e+01 0.000000000000000000e+00 0.000000000000000000e+00
2.800000000000000000e+01 1.983000000000000000e+03 0.000000000000000000e+00 0.000000000000000000e+00
2.700000000000000000e+01 7.200000000000000000e+02 0.000000000000000000e+00 0.000000000000000000e+00
2.500000000000000000e+01 5.050000000000000000e+02 0.000000000000000000e+00 0.000000000000000000e+00
2.500000000000000000e+01 5.600000000000000000e+02 0.000000000000000000e+00 0.000000000000000000e+00
2.600000000000000000e+01 2.628000000000000000e+03 4.000000000000000000e+00 7.000000000000000000e+00
3.000000000000000000e+01 2.495000000000000000e+03 1.000000000000000000e+00 5.000000000000000000e+00
2.500000000000000000e+01 2.398000000000000000e+03 1.000000000000000000e+00 1.000000000000000000e+00
2.400000000000000000e+01 2.461000000000000000e+03 9.000000000000000000e+00 5.000000000000000000e+00
3.300000000000000000e+01 2.559000000000000000e+03 4.000000000000000000e+00 7.000000000000000000e+00
2.900000000000000000e+01 1.965000000000000000e+03 2.000000000000000000e+00 9.000000000000000000e+00
3.200000000000000000e+01 9.900000000000000000e+02 0.000000000000000000e+00 0.000000000000000000e+00
