3.000000000000000000e+01 8.980000000000000000e+02 2.000000000000000000e+00 4.000000000000000000e+00
2.500000000000000000e+01 1.446000000000000000e+03 1.000000000000000000e+00 5.000000000000000000e+00
2.800000000000000000e+01 1.339000000000000000e+03 3.000000000000000000e+00 0.000000000000000000e+00
2.500000000000000000e+01 8.100000000000000000e+01 0.000000000000000000e+00 0.000000000000000000e+00
3.100000000000000000e+01 2.793000000000000000e+03 5.000000000000000000e+00 4.000000000000000000e+00
2.600000000000000000e+01 1.665000000000000000e+03 1.000000000000000000e+00 2.000000000000000000e+00
2.900000000000000000e+01 2.114000000000000000e+03 2.000000000000000000e+00 2.000000000000000000e+00
3.400000000000000000e+01 2.797000000000000000e+03 1.000000000000000000e+00 1.000000000000000000e+00
2.900000000000000000e+01 1.313000000000000000e+03 0.000000000000000000e+00 9.000000000000000000e+00
2.900000000000000000e+01 1.892000000000000000e+03 0.000000000000000000e+00 0.000000000000000000e+00
2.700000000000000000e+01 9.190000000000000000e+02 0.000000000000000000e+00 1.000000000000000000e+00
3.100000000000000000e+01 1.243000000000000000e+03 1.000000000000000000e+00 4.000000000000000000e+00
2.700000000000000000e+01 1.770000000000000000e+02 0.000000000000000000e+00 0.000000000000000000e+00
2.900000000000000000e+01 1.997000000000000000e+03 5.000000000000000000e+00 9.000000000000000000e+00
3.000000000000000000e+01 1.458000000000000000e+03 0.000000000000000000e+00 2.000000000000000000e+00
3.400000000000000000e+01 6.300000000000000000e+02 0.000000000000000000e+00 0.000000000000000000e+00
2.200000000000000000e+01 8.000000000000000000e+00 0.000000000000000000e+00 0.000000000000000000e+00
3.500000000000000000e+01 2.970000000000000000e+03 0.000000000000000000e+00 0.000000000000000000e+00
2.300000000000000000e+01 1.291000000000000000e+03 2.000000000000000000e+00 2.000000000000000000e+00
2.700000000000000000e+01 1.418000000000000000e+03 1.000000000000000000e+00 2.000000000000000000e+00
2.800000000000000000e+01 9.510000000000000000e+02 1.000000000000000000e+00 2.000000000000000000e+00
2.400000000000000000e+01 1.518000000000000000e+03 0.000000000000000000e+00 0.000000000000000000e+00
2.500000000000000000e+01 5.600000000000000000e+02 0.000000000000000000e+00 0.000000000000000000e+00
2.200000000000000000e+01 9.200000000000000000e+01 0.000000000000000000e+00 0.000000000000000000e+00
2.500000000000000000e+01 2.256000000000000000e+03 2.000000000000000000e+00 2.000000000000000000e+00
2.700000000000000000e+01 4.710000000000000000e+02 0.000000000000000000e+00 0.000000000000000000e+00
3.000000000000000000e+01 2.414000000000000000e+03 1.000000000000000000e+00 1.000000000000000000e+00
2.700000000000000000e+01 1.686000000000000000e+03 5.000000000000000000e+00 0.000000000000000000e+00
3.200000000000000000e+01 1.247000000000000000e+03 1.000000000000000000e+00 0.000000000000000000e+00
3.200000000000000000e+01 4.400000000000000000e+02 1.000000000000000000e+00 1.000000000000000000e+00
2.800000000000000000e+01 1.835000000000000000e+03 0.000000000000000000e+00 0.000000000000000000e+00
3.200000000000000000e+01 1.783000000000000000e+03 4.000000000000000000e+00 4.000000000000000000e+00
3.100000000000000000e+01 1.890000000000000000e+03 1.000000000000000000e+00 1.000000000000000000e+00
3.900000000000000000e+01 1.080000000000000000e+03 0.000000000000000000e+00 0.000000000000000000e+00
2.400000000000000000e+01 2.970000000000000000e+03 1.000000000000000000e+00 1.000000000000000000e+00
2.800000000000000000e+01 1.830000000000000000e+03 2.000000000000000000e+00 2.000000000000000000e+00
3.200000000000000000e+01 1.549000000000000000e+03 2.000000000000000000e+00 2.000000000000000000e+00
2.800000000000000000e+01 2.184000000000000000e+03 1.000000000000000000e+00 1.000000000000000000e+00
2.700000000000000000e+01 2.566000000000000000e+03 1.000000000000000000e+00 0.000000000000000000e+00
2.400000000000000000e+01 1.900000000000000000e+01 0.000000000000000000e+00 0.000000000000000000e+00
2.100000000000000000e+01 1.000000000000000000e+00 0.000000000000000000e+00 0.000000000000000000e+00
2.900000000000000000e+01 4.840000000000000000e+02 0.000000000000000000e+00 0.000000000000000000e+00
3.200000000000000000e+01 1.350000000000000000e+03 0.000000000000000000e+00 0.000000000000000000e+00
2.700000000000000000e+01 5.700000000000000000e+01 0.000000000000000000e+00 0.000000000000000000e+00
2.400000000000000000e+01 1.824000000000000000e+03 3.000000000000000000e+00 3.000000000000000000e+00
3.200000000000000000e+01 1.680000000000000000e+03 2.000000000000000000e+00 2.000000000000000000e+00
2.500000000000000000e+01 1.462000000000000000e+03 1.000000000000000000e+00 2.000000000000000000e+00
2.600000000000000000e+01 2.736000000000000000e+03 8.000000000000000000e+00 1.000000000000000000e+01
2.700000000000000000e+01 1.504000000000000000e+03 0.000000000000000000e+00 0.000000000000000000e+00
3.000000000000000000e+01 2.823000000000000000e+03 7.000000000000000000e+00 1.000000000000000000e+00
3.100000000000000000e+01 1.080000000000000000e+02 0.000000000000000000e+00 0.000000000000000000e+00
3.400000000000000000e+01 1.366000000000000000e+03 1.000000000000000000e+00 0.000000000000000000e+00
2.200000000000000000e+01 2.226000000000000000e+03 2.000000000000000000e+00 0.000000000000000000e+00
3.500000000000000000e+01 1.681000000000000000e+03 8.000000000000000000e+00 9.000000000000000000e+00
2.600000000000000000e+01 1.934000000000000000e+03 0.000000000000000000e+00 0.000000000000000000e+00
3.100000000000000000e+01 1.440000000000000000e+03 0.000000000000000000e+00 4.000000000000000000e+00
2.300000000000000000e+01 2.102000000000000000e+03 3.000000000000000000e+00 5.000000000000000000e+00
3.000000000000000000e+01 2.340000000000000000e+03 0.000000000000000000e+00 0.000000000000000000e+00
2.100000000000000000e+01 1.600000000000000000e+01 0.000000000000000000e+00 0.000000000000000000e+00
2.400000000000000000e+01 2.461000000000000000e+03 9.000000000000000000e+00 5.000000000000000000e+00
2.500000000000000000e+01 1.100000000000000000e+01 0.000000000000000000e+00 0.000000000000000000e+00
2.500000000000000000e+01 2.694000000000000000e+03 0.000000000000000000e+00 1.000000000000000000e+00
3.200000000000000000e+01 9.740000000000000000e+02 1.000000000000000000e+00 0.000000000000000000e+00
3.000000000000000000e+01 2.070000000000000000e+03 3.000000000000000000e+00 0.000000000000000000e+00
2.900000000000000000e+01 1.422000000000000000e+03 5.000000000000000000e+00 6.000000000000000000e+00
