3.100000000000000000e+01 2.793000000000000000e+03 5.000000000000000000e+00 4.000000000000000000e+00
3.100000000000000000e+01 7.020000000000000000e+02 2.000000000000000000e+00 0.000000000000000000e+00
2.600000000000000000e+01 1.844000000000000000e+03 4.000000000000000000e+00 4.000000000000000000e+00
2.000000000000000000e+01 5.000000000000000000e+00 0.000000000000000000e+00 0.000000000000000000e+00
2.800000000000000000e+01 1.408000000000000000e+03 2.000000000000000000e+00 1.000000000000000000e+00
3.200000000000000000e+01 2.900000000000000000e+02 0.000000000000000000e+00 1.000000000000000000e+00
2.100000000000000000e+01 1.460000000000000000e+03 2.000000000000000000e+00 0.000000000000000000e+00
2.800000000000000000e+01 1.451000000000000000e+03 0.000000000000000000e+00 0.000000000000000000e+00
3.000000000000000000e+01 2.495000000000000000e+03 1.000000000000000000e+00 5.000000000000000000e+00
3.200000000000000000e+01 4.400000000000000000e+02 1.000000000000000000e+00 1.000000000000000000e+00
2.700000000000000000e+01 1.449000000000000000e+03 0.000000000000000000e+00 0.000000000000000000e+00
2.500000000000000000e+01 1.841000000000000000e+03 0.000000000000000000e+00 1.000000000000000000e+00
2.300000000000000000e+01 2.167000000000000000e+03 0.000000000000000000e+00 1.000000000000000000e+00
3.000000000000000000e+01 1.278000000000000000e+03 2.000000000000000000e+00 0.000000000000000000e+00
2.800000000000000000e+01 1.835000000000000000e+03 0.000000000000000000e+00 0.000000000000000000e+00
3.100000000000000000e+01 1.248000000000000000e+03 2.000000000000000000e+00 9.000000000000000000e+00
3.400000000000000000e+01 2.797000000000000000e+03 1.000000000000000000e+00 1.000000000000000000e+00
3.000000000000000000e+01 3.450000000000000000e+02 1.000000000000000000e+00 0.000000000000000000e+00
3.500000000000000000e+01 1.681000000000000000e+03 8.000000000000000000e+00 9.000000000000000000e+00
2.000000000000000000e+01 7.400000000000000000e+01 0.000000000000000000e+00 1.000000000000000000e+00
2.800000000000000000e+01 2.664000000000000000e+03 1.000000000000000000e+00 1.000000000000000000e+00
2.100000000000000000e+01 1.000000000000000000e+00 0.000000000000000000e+00 0.000000000000000000e+00
3.100000000000000000e+01 6.220000000000000000e+02 0.000000000000000000e+00 1.000000000000000000e+00
3.000000000000000000e+01 2.070000000000000000e+03 3.000000000000000000e+00 0.000000000000000000e+00
2.900000000000000000e+01 1.313000000000000000e+03 0.000000000000000000e+00 9.000000000000000000e+00
2.900000000000000000e+01 2.433000000000000000e+03 2.000000000000000000e+00 2.000000000000000000e+00
3.200000000000000000e+01 9.900000000000000000e+02 0.000000000000000000e+00 0.000000000000000000e+00
2.500000000000000000e+01 5.400000000000000000e+02 1.000000000000000000e+00 3.000000000000000000e+00
2.300000000000000000e+01 1.164000000000000000e+03 2.000000000000000000e+00 1.000000000000000000e+00
2.200000000000000000e+01 1.700000000000000000e+01 0.000000000000000000e+00 0.000000000000000000e+00
2.900000000000000000e+01 4.720000000000000000e+02 0.000000000000000000e+00 0.000000000000000000e+00
3.500000000000000000e+01 2.970000000000000000e+03 0.000000000000000000e+00 0.000000000000000000e+00
3.100000000000000000e+01 1.125000000000000000e+03 0.000000000000000000e+00 0.000000000000000000e+00
3.100000000000000000e+01 1.243000000000000000e+03 1.000000000000000000e+00 4.000000000000000000e+00
2.000000000000000000e+01 2.610000000000000000e+02 0.000000000000000000e+00 0.000000000000000000e+00
2.700000000000000000e+01 1.294000000000000000e+03 5.000000000000000000e+00 2.000000000000000000e+00
2.700000000000000000e+01 1.418000000000000000e+03 1.000000000000000000e+00 2.000000000000000000e+00
2.600000000000000000e+01 4.250000000000000000e+02 0.000000000000000000e+00 1.000000000000000000e+00
1.900000000000000000e+01 2.500000000000000000e+01 0.000000000000000000e+00 0.000000000000000000e+00
2.700000000000000000e+01 1.686000000000000000e+03 5.000000000000000000e+00 0.000000000000000000e+00
3.300000000000000000e+01 2.703000000000000000e+03 1.100000000000000000e+01 7.000000000000000000e+00
2.800000000000000000e+01 2.052000000000000000e+03 2.000000000000000000e+00 0.000000000000000000e+00
2.400000000000000000e+01 5.010000000000000000e+02 0.000000000000000000e+00 0.000000000000000000e+00
2.200000000000000000e+01 9.200000000000000000e+01 0.000000000000000000e+00 0.000000000000000000e+00
2.800000000000000000e+01 9.510000000000000000e+02 1.000000000000000000e+00 2.000000000000000000e+00
3.000000000000000000e+01 8.980000000000000000e+02 2.000000000000000000e+00 4.000000000000000000e+00
2.800000000000000000e+01 2.279000000000000000e+03 3.000000000000000000e+00 8.000000000000000000e+00
2.500000000000000000e+01 2.407000000000000000e+03 0.000000000000000000e+00 1.000000000000000000e+00
2.200000000000000000e+01 2.226000000000000000e+03 2.000000000000000000e+00 0.000000000000000000e+00
2.100000000000000000e+01 2.000000000000000000e+00 0.000000000000000000e+00 0.000000000000000000e+00
2.900000000000000000e+01 3.280000000000000000e+02 0.000000000000000000e+00 0.000000000000000000e+00
3.400000000000000000e+01 1.366000000000000000e+03 1.000000000000000000e+00 0.000000000000000000e+00
2.100000000000000000e+01 1.000000000000000000e+00 0.000000000000000000e+00 0.000000000000000000e+00
2.900000000000000000e+01 9.360000000000000000e+02 0.000000000000000000e+00 5.000000000000000000e+00
2.800000000000000000e+01 1.616000000000000000e+03 1.000000000000000000e+00 0.000000000000000000e+00
2.300000000000000000e+01 8.200000000000000000e+01 0.000000000000000000e+00 0.000000000000000000e+00
2.400000000000000000e+01 4.590000000000000000e+02 0.000000000000000000e+00 0.000000000000000000e+00
2.700000000000000000e+01 4.710000000000000000e+02 0.000000000000000000e+00 0.000000000000000000e+00
2.900000000000000000e+01 1.997000000000000000e+03 5.000000000000000000e+00 9.000000000000000000e+00
2.000000000000000000e+01 1.000000000000000000e+00 0.000000000000000000e+00 0.000000000000000000e+00
2.200000000000000000e+01 2.234000000000000000e+03 7.000000000000000000e+00 9.000000000000000000e+00
2.600000000000000000e+01 2.717000000000000000e+03 0.000000000000000000e+00 2.000000000000000000e+00
3.000000000000000000e+01 9.670000000000000000e+02 0.000000000000000000e+00 0.000000000000000000e+00
2.800000000000000000e+01 5.130000000000000000e+02 0.000000000000000000e+00 0.000000000000000000e+00
2.700000000000000000e+01 1.046000000000000000e+03 0.000000000000000000e+00 0.000000000000000000e+00
