3.300000000000000000e+01 2.703000000000000000e+03 1.100000000000000000e+01 7.000000000000000000e+00
2.600000000000000000e+01 9.300000000000000000e+01 0.000000000000000000e+00 0.000000000000000000e+00
2.300000000000000000e+01 2.470000000000000000e+03 1.000000000000000000e+00 1.000000000000000000e+00
2.200000000000000000e+01 2.234000000000000000e+03 7.000000000000000000e+00 9.000000000000000000e+00
3.100000000000000000e+01 1.884000000000000000e+03 1.000000000000000000e+00 5.000000000000000000e+00
3.700000000000000000e+01 2.070000000000000000e+03 0.000000000000000000e+00 0.000000000000000000e+00
3.400000000000000000e+01 6.300000000000000000e+02 0.000000000000000000e+00 0.000000000000000000e+00
2.300000000000000000e+01 3.600000000000000000e+02 0.000000000000000000e+00 0.000000000000000000e+00
2.300000000000000000e+01 1.023000000000000000e+03 1.000000000000000000e+00 3.000000000000000000e+00
2.700000000000000000e+01 1.504000000000000000e+03 0.000000000000000000e+00 0.000000000000000000e+00
2.800000000000000000e+01 2.279000000000000000e+03 3.000000000000000000e+00 8.000000000000000000e+00
2.800000000000000000e+01 1.616000000000000000e+03 1.000000000000000000e+00 0.000000000000000000e+00
3.300000000000000000e+01 5.820000000000000000e+02 1.000000000000000000e+00 0.000000000000000000e+00
3.200000000000000000e+01 9.900000000000000000e+02 0.000000000000000000e+00 0.000000000000000000e+00
2.000000000000000000e+01 5.000000000000000000e+00 0.000000000000000000e+00 0.000000000000000000e+00
2.700000000000000000e+01 5.700000000000000000e+01 0.000000000000000000e+00 0.000000000000000000e+00
3.100000000000000000e+01 1.125000000000000000e+03 0.000000000000000000e+00 0.000000000000000000e+00
2.300000000000000000e+01 8.200000000000000000e+01 0.000000000000000000e+00 0.000000000000000000e+00
2.700000000000000000e+01 1.294000000000000000e+03 5.000000000000000000e+00 2.000000000000000000e+00
2.900000000000000000e+01 1.313000000000000000e+03 0.000000000000000000e+00 9.000000000000000000e+00
3.300000000000000000e+01 9.000000000000000000e+01 0.000000000000000000e+00 0.000000000000000000e+00
2.700000000000000000e+01 2.920000000000000000e+02 0.000000000000000000e+00 2.000000000000000000e+00
2.400000000000000000e+01 2.727000000000000000e+03 5.000000000000000000e+00 8.000000000000000000e+00
3.400000000000000000e+01 2.340000000000000000e+03 0.000000000000000000e+00 0.000000000000000000e+00
2.700000000000000000e+01 4.710000000000000000e+02 0.000000000000000000e+00 0.000000000000000000e+00
3.500000000000000000e+01 3.060000000000000000e+03 0.000000000000000000e+00 0.000000000000000000e+00
2.800000000000000000e+01 1.983000000000000000e+03 0.000000000000000000e+00 0.000000000000000000e+00
2.900000000000000000e+01 9.360000000000000000e+02 0.000000000000000000e+00 5.000000000000000000e+00
3.000000000000000000e+01 1.966000000000000000e+03 0.000000000000000000e+00 0.000000000000000000e+00
3.200000000000000000e+01 9.740000000000000000e+02 1.000000000000000000e+00 0.000000000000000000e+00
3.000000000000000000e+01 1.278000000000000000e+03 2.000000000000000000e+00 0.000000000000000000e+00
2.200000000000000000e+01 4.000000000000000000e+00 0.000000000000000000e+00 0.000000000000000000e+00
3.000000000000000000e+01 2.414000000000000000e+03 1.000000000000000000e+00 1.000000000000000000e+00
3.100000000000000000e+01 1.890000000000000000e+03 1.000000000000000000e+00 1.000000000000000000e+00
2.600000000000000000e+01 2.717000000000000000e+03 0.000000000000000000e+00 2.000000000000000000e+00
2.200000000000000000e+01 6.910000000000000000e+02 1.000000000000000000e+00 0.000000000000000000e+00
3.000000000000000000e+01 3.450000000000000000e+02 1.000000000000000000e+00 0.000000000000000000e+00
3.400000000000000000e+01 2.797000000000000000e+03 1.000000000000000000e+00 1.000000000000000000e+00
2.900000000000000000e+01 1.965000000000000000e+03 2.000000000000000000e+00 9.000000000000000000e+00
2.700000000000000000e+01 1.073000000000000000e+03 3.000000000000000000e+00 0.000000000000000000e+00
2.700000000000000000e+01 1.449000000000000000e+03 0.000000000000000000e+00 0.000000000000000000e+00
3.000000000000000000e+01 1.000000000000000000e+00 0.000000000000000000e+00 0.000000000000000000e+00
2.600000000000000000e+01 3.110000000000000000e+02 0.000000000000000000e+00 1.000000000000000000e+00
2.500000000000000000e+01 1.656000000000000000e+03 1.000000000000000000e+00 1.000000000000000000e+00
3.700000000000000000e+01 5.100000000000000000e+02 0.000000000000000000e+00 0.000000000000000000e+00
2.300000000000000000e+01 5.270000000000000000e+02 0.000000000000000000e+00 0.000000000000000000e+00
3.000000000000000000e+01 2.495000000000000000e+03 1.000000000000000000e+00 5.000000000000000000e+00
2.500000000000000000e+01 5.600000000000000000e+02 0.000000000000000000e+00 0.000000000000000000e+00
2.800000000000000000e+01 2.831000000000000000e+03 0.000000000000000000e+00 2.000000000000000000e+00
2.700000000000000000e+01 5.290000000000000000e+02 0.000000000000000000e+00 0.000000000000000000e+00
2.800000000000000000e+01 5.130000000000000000e+02 0.000000000000000000e+00 0.000000000000000000e+00
3.500000000000000000e+01 5.400000000000000000e+02 0.000000000000000000e+00 0.000000000000000000e+00
3.300000000000000000e+01 2.766000000000000000e+03 4.000000000000000000e+00 3.000000000000000000e+00
3.200000000000000000e+01 4.400000000000000000e+02 1.000000000000000000e+00 1.000000000000000000e+00
2.800000000000000000e+01 1.451000000000000000e+03 0.000000000000000000e+00 0.000000000000000000e+00
2.200000000000000000e+01 1.089000000000000000e+03 4.000000000000000000e+00 0.000000000000000000e+00
3.300000000000000000e+01 1.000000000000000000e+00 0.000000000000000000e+00 0.000000000000000000e+00
3.000000000000000000e+01 1.565000000000000000e+03 3.000000000000000000e+00 1.000000000000000000e+00
2.800000000000000000e+01 1.502000000000000000e+03 1.000000000000000000e+00 0.000000000000000000e+00
2.700000000000000000e+01 2.019000000000000000e+03 1.000000000000000000e+00 0.000000000000000000e+00
2.600000000000000000e+01 1.665000000000000000e+03 1.000000000000000000e+00 2.000000000000000000e+00
2.700000000000000000e+01 2.415000000000000000e+03 3.000000000000000000e+00 8.000000000000000000e+00
2.100000000000000000e+01 1.600000000000000000e+01 0.000000000000000000e+00 0.000000000000000000e+00
2.700000000000000000e+01 1.570000000000000000e+03 0.000000000000000000e+00 0.000000000000000000e+00
3.900000000000000000e+01 1.080000000000000000e+03 0.000000000000000000e+00 0.000000000000000000e+00
