3.000000000000000000e+01 2.070000000000000000e+03 3.000000000000000000e+00 0.000000000000000000e+00
2.700000000000000000e+01 1.294000000000000000e+03 5.000000000000000000e+00 2.000000000000000000e+00
2.600000000000000000e+01 2.717000000000000000e+03 0.000000000000000000e+00 2.000000000000000000e+00
2.300000000000000000e+01 1.291000000000000000e+03 2.000000000000000000e+00 2.000000000000000000e+00
2.000000000000000000e+01 1.000000000000000000e+00 0.000000000000000000e+00 0.000000000000000000e+00
2.000000000000000000e+01 2.000000000000000000e+01 0.000000000000000000e+00 0.000000000000000000e+00
2.700000000000000000e+01 2.920000000000000000e+02 0.000000000000000000e+00 2.000000000000000000e+00
2.100000000000000000e+01 5.000000000000000000e+00 0.000000000000000000e+00 0.000000000000000000e+00
2.300000000000000000e+01 2.167000000000000000e+03 0.000000000000000000e+00 1.000000000000000000e+00
3.000000000000000000e+01 1.458000000000000000e+03 0.000000000000000000e+00 2.000000000000000000e+00
2.500000000000000000e+01 5.050000000000000000e+02 0.000000000000000000e+00 0.000000000000000000e+00
3.100000000000000000e+01 1.018000000000000000e+03 3.000000000000000000e+00 0.000000000000000000e+00
2.800000000000000000e+01 1.830000000000000000e+03 2.000000000000000000e+00 2.000000000000000000e+00
2.700000000000000000e+01 2.566000000000000000e+03 1.000000000000000000e+00 0.000000000000000000e+00
3.400000000000000000e+01 1.150000000000000000e+03 0.000000000000000000e+00 0.000000000000000000e+00
2.800000000000000000e+01 1.408000000000000000e+03 2.000000000000000000e+00 1.000000000000000000e+00
3.300000000000000000e+01 3.060000000000000000e+02 0.000000000000000000e+00 0.000000000000000000e+00
3.100000000000000000e+01 2.292000000000000000e+03 1.000000000000000000e+00 2.000000000000000000e+00
3.100000000000000000e+01 1.080000000000000000e+02 0.000000000000000000e+00 0.000000000000000000e+00
3.200000000000000000e+01 1.680000000000000000e+03 2.000000000000000000e+00 2.000000000000000000e+00
2.700000000000000000e+01 1.046000000000000000e+03 0.000000000000000000e+00 0.000000000000000000e+00
2.900000000000000000e+01 1.368000000000000000e+03 2.000000000000000000e+00 3.000000000000000000e+00
3.400000000000000000e+01 8.080000000000000000e+02 0.000000000000000000e+00 2.000000000000000000e+00
2.600000000000000000e+01 3.110000000000000000e+02 0.000000000000000000e+00 1.000000000000000000e+00
2.800000000000000000e+01 2.052000000000000000e+03 2.000000000000000000e+00 0.000000000000000000e+00
2.700000000000000000e+01 3.800000000000000000e+02 0.000000000000000000e+00 0.000000000000000000e+00
2.600000000000000000e+01 2.628000000000000000e+03 4.000000000000000000e+00 7.000000000000000000e+00
2.600000000000000000e+01 9.000000000000000000e+01 0.000000000000000000e+00 0.000000000000000000e+00
3.100000000000000000e+01 1.125000000000000000e+03 0.000000000000000000e+00 0.000000000000000000e+00
2.300000000000000000e+01 5.270000000000000000e+02 0.000000000000000000e+00 0.000000000000000000e+00
2.500000000000000000e+01 8.100000000000000000e+01 0.000000000000000000e+00 0.000000000000000000e+00
2.900000000000000000e+01 1.750000000000000000e+03 3.000000000000000000e+00 1.000000000000000000e+01
2.500000000000000000e+01 1.100000000000000000e+01 0.000000000000000000e+00 0.000000000000000000e+00
2.200000000000000000e+01 1.089000000000000000e+03 4.000000000000000000e+00 0.000000000000000000e+00
2.900000000000000000e+01 2.453000000000000000e+03 1.000000000000000000e+00 0.000000000000000000e+00
2.500000000000000000e+01 1.625000000000000000e+03 0.000000000000000000e+00 0.000000000000000000e+00
2.900000000000000000e+01 2.114000000000000000e+03 2.000000000000000000e+00 2.000000000000000000e+00
3.000000000000000000e+01 2.414000000000000000e+03 1.000000000000000000e+00 1.000000000000000000e+00
3.200000000000000000e+01 1.350000000000000000e+03 0.000000000000000000e+00 0.000000000000000000e+00
2.900000000000000000e+01 4.030000000000000000e+02 0.000000000000000000e+00 0.000000000000000000e+00
2.100000000000000000e+01 1.600000000000000000e+01 0.000000000000000000e+00 0.000000000000000000e+00
2.800000000000000000e+01 1.502000000000000000e+03 1.000000000000000000e+00 0.000000000000000000e+00
2.800000000000000000e+01 1.835000000000000000e+03 0.000000000000000000e+00 0.000000000000000000e+00
3.300000000000000000e+01 1.479000000000000000e+03 2.000000000000000000e+00 4.000000000000000000e+00
3.400000000000000000e+01 1.800000000000000000e+02 0.000000000000000000e+00 0.000000000000000000e+00
2.400000000000000000e+01 2.970000000000000000e+03 1.000000000000000000e+00 1.000000000000000000e+00
2.500000000000000000e+01 3.260000000000000000e+02 0.000000000000000000e+00 1.000000000000000000e+00
3.500000000000000000e+01 2.360000000000000000e+02 0.000000000000000000e+00 0.000000000000000000e+00
3.000000000000000000e+01 9.670000000000000000e+02 0.000000000000000000e+00 0.000000000000000000e+00
2.400000000000000000e+01 9.000000000000000000e+01 0.000000000000000000e+00 0.000000000000000000e+00
