3.500000000000000000e+01 1.681000000000000000e+03 8.000000000000000000e+00 9.000000000000000000e+00
2.500000000000000000e+01 2.407000000000000000e+03 0.000000000000000000e+00 1.000000000000000000e+00
2.700000000000000000e+01 1.073000000000000000e+03 3.000000000000000000e+00 0.000000000000000000e+00
3.500000000000000000e+01 1.260000000000000000e+02 0.000000000000000000e+00 0.000000000000000000e+00
2.700000000000000000e+01 1.686000000000000000e+03 5.000000000000000000e+00 0.000000000000000000e+00
2.200000000000000000e+01 6.910000000000000000e+02 1.000000000000000000e+00 0.000000000000000000e+00
3.100000000000000000e+01 6.220000000000000000e+02 0.000000000000000000e+00 1.000000000000000000e+00
2.700000000000000000e+01 7.200000000000000000e+02 0.000000000000000000e+00 0.000000000000000000e+00
3.100000000000000000e+01 2.793000000000000000e+03 5.000000000000000000e+00 4.000000000000000000e+00
2.600000000000000000e+01 1.754000000000000000e+03 5.000000000000000000e+00 1.000000000000000000e+01
2.500000000000000000e+01 1.656000000000000000e+03 1.000000000000000000e+00 1.000000000000000000e+00
2.800000000000000000e+01 1.830000000000000000e+03 2.000000000000000000e+00 2.000000000000000000e+00
3.000000000000000000e+01 1.458000000000000000e+03 0.000000000000000000e+00 2.000000000000000000e+00
3.500000000000000000e+01 3.060000000000000000e+03 0.000000000000000000e+00 0.000000000000000000e+00
2.500000000000000000e+01 5.050000000000000000e+02 0.000000000000000000e+00 0.000000000000000000e+00
2.600000000000000000e+01 5.610000000000000000e+02 0.000000000000000000e+00 0.000000000000000000e+00
2.700000000000000000e+01 9.190000000000000000e+02 0.000000000000000000e+00 1.000000000000000000e+00
2.400000000000000000e+01 4.590000000000000000e+02 0.000000000000000000e+00 0.000000000000000000e+00
2.700000000000000000e+01 3.800000000000000000e+02 0.000000000000000000e+00 0.000000000000000000e+00
2.400000000000000000e+01 1.260000000000000000e+02 0.000000000000000000e+00 0.000000000000000000e+00
2.900000000000000000e+01 4.840000000000000000e+02 0.000000000000000000e+00 0.000000000000000000e+00
3.200000000000000000e+01 1.680000000000000000e+03 2.000000000000000000e+00 2.000000000000000000e+00
2.000000000000000000e+01 2.000000000000000000e+01 0.000000000000000000e+00 0.000000000000000000e+00
2.500000000000000000e+01 1.446000000000000000e+03 1.000000000000000000e+00 5.000000000000000000e+00
2.600000000000000000e+01 2.220000000000000000e+02 0.000000000000000000e+00 0.000000000000000000e+00
3.000000000000000000e+01 1.278000000000000000e+03 2.000000000000000000e+00 0.000000000000000000e+00
3.100000000000000000e+01 1.018000000000000000e+03 3.000000000000000000e+00 0.000000000000000000e+00
3.100000000000000000e+01 1.290000000000000000e+03 0.000000000000000000e+00 0.000000000000000000e+00
2.000000000000000000e+01 2.610000000000000000e+02 0.000000000000000000e+00 0.000000000000000000e+00
2.900000000000000000e+01 2.433000000000000000e+03 2.000000000000000000e+00 2.000000000000000000e+00
3.000000000000000000e+01 2.823000000000000000e+03 7.000000000000000000e+00 1.000000000000000000e+00
2.300000000000000000e+01 3.600000000000000000e+02 0.000000000000000000e+00 0.000000000000000000e+00
3.000000000000000000e+01 1.754000000000000000e+03 2.000000000000000000e+00 4.000000000000000000e+00
3.500000000000000000e+01 5.400000000000000000e+02 0.000000000000000000e+00 0.000000000000000000e+00
2.600000000000000000e+01 1.665000000000000000e+03 1.000000000000000000e+00 2.000000000000000000e+00
3.100000000000000000e+01 3.760000000000000000e+02 1.000000000000000000e+00 1.000000000000000000e+00
2.300000000000000000e+01 8.200000000000000000e+01 0.000000000000000000e+00 0.000000000000000000e+00
3.500000000000000000e+01 2.970000000000000000e+03 0.000000000000000000e+00 0.000000000000000000e+00
3.400000000000000000e+01 6.300000000000000000e+02 0.000000000000000000e+00 0.000000000000000000e+00
2.700000000000000000e+01 2.566000000000000000e+03 1.000000000000000000e+00 0.000000000000000000e+00
2.300000000000000000e+01 9.000000000000000000e+01 0.000000000000000000e+00 0.000000000000000000e+00
2.400000000000000000e+01 9.000000000000000000e+01 0.000000000000000000e+00 0.000000000000000000e+00
2.000000000000000000e+01 3.060000000000000000e+02 1.000000000000000000e+00 0.000000000000000000e+00
2.800000000000000000e+01 1.800000000000000000e+01 0.000000000000000000e+00 0.000000000000000000e+00
2.300000000000000000e+01 1.023000000000000000e+03 1.000000000000000000e+00 3.000000000000000000e+00
2.500000000000000000e+01 2.398000000000000000e+03 1.000000000000000000e+00 1.000000000000000000e+00
3.000000000000000000e+01 2.340000000000000000e+03 0.000000000000000000e+00 0.000000000000000000e+00
3.300000000000000000e+01 2.399000000000000000e+03 0.000000000000000000e+00 0.000000000000000000e+00
2.700000000000000000e+01 2.920000000000000000e+02 0.000000000000000000e+00 2.000000000000000000e+00
2.400000000000000000e+01 1.518000000000000000e+03 0.000000000000000000e+00 0.000000000000000000e+00
