2.800000000000000000e+01 1.983000000000000000e+03 0.000000000000000000e+00 0.000000000000000000e+00
2.600000000000000000e+01 2.628000000000000000e+03 4.000000000000000000e+00 7.000000000000000000e+00
2.600000000000000000e+01 1.463000000000000000e+03 1.000000000000000000e+00 5.000000000000000000e+00
3.000000000000000000e+01 2.414000000000000000e+03 1.000000000000000000e+00 1.000000000000000000e+00
3.100000000000000000e+01 1.080000000000000000e+02 0.000000000000000000e+00 0.000000000000000000e+00
2.400000000000000000e+01 5.700000000000000000e+01 0.000000000000000000e+00 0.000000000000000000e+00
3.700000000000000000e+01 7.940000000000000000e+02 0.000000000000000000e+00 3.000000000000000000e+00
3.300000000000000000e+01 2.399000000000000000e+03 0.000000000000000000e+00 0.000000000000000000e+00
3.200000000000000000e+01 9.900000000000000000e+02 0.000000000000000000e+00 0.000000000000000000e+00
2.200000000000000000e+01 2.226000000000000000e+03 2.000000000000000000e+00 0.000000000000000000e+00
2.300000000000000000e+01 1.415000000000000000e+03 4.000000000000000000e+00 5.000000000000000000e+00
2.900000000000000000e+01 4.840000000000000000e+02 0.000000000000000000e+00 0.000000000000000000e+00
2.700000000000000000e+01 2.415000000000000000e+03 3.000000000000000000e+00 8.000000000000000000e+00
3.100000000000000000e+01 3.760000000000000000e+02 1.000000000000000000e+00 1.000000000000000000e+00
3.000000000000000000e+01 1.458000000000000000e+03 0.000000000000000000e+00 2.000000000000000000e+00
3.500000000000000000e+01 5.400000000000000000e+02 0.000000000000000000e+00 0.000000000000000000e+00
2.600000000000000000e+01 2.736000000000000000e+03 8.000000000000000000e+00 1.000000000000000000e+01
2.300000000000000000e+01 2.470000000000000000e+03 1.000000000000000000e+00 1.000000000000000000e+00
2.500000000000000000e+01 2.398000000000000000e+03 1.000000000000000000e+00 1.000000000000000000e+00
2.400000000000000000e+01 2.461000000000000000e+03 9.000000000000000000e+00 5.000000000000000000e+00
2.700000000000000000e+01 9.190000000000000000e+02 0.000000000000000000e+00 1.000000000000000000e+00
2.800000000000000000e+01 1.800000000000000000e+01 0.000000000000000000e+00 0.000000000000000000e+00
2.400000000000000000e+01 1.709000000000000000e+03 5.000000000000000000e+00 4.000000000000000000e+00
2.200000000000000000e+01 1.380000000000000000e+02 0.000000000000000000e+00 1.000000000000000000e+00
2.500000000000000000e+01 3.000000000000000000e+00 0.000000000000000000e+00 0.000000000000000000e+00
2.900000000000000000e+01 1.997000000000000000e+03 5.000000000000000000e+00 9.000000000000000000e+00
3.200000000000000000e+01 8.190000000000000000e+02 1.000000000000000000e+00 0.000000000000000000e+00
2.200000000000000000e+01 8.000000000000000000e+00 0.000000000000000000e+00 0.000000000000000000e+00
3.000000000000000000e+01 1.950000000000000000e+03 5.000000000000000000e+00 1.100000000000000000e+01
3.100000000000000000e+01 1.440000000000000000e+03 0.000000000000000000e+00 4.000000000000000000e+00
3.300000000000000000e+01 1.449000000000000000e+03 4.000000000000000000e+00 1.100000000000000000e+01
3.300000000000000000e+01 2.559000000000000000e+03 4.000000000000000000e+00 7.000000000000000000e+00
3.100000000000000000e+01 1.884000000000000000e+03 1.000000000000000000e+00 5.000000000000000000e+00
3.400000000000000000e+01 6.300000000000000000e+02 0.000000000000000000e+00 0.000000000000000000e+00
2.400000000000000000e+01 2.727000000000000000e+03 5.000000000000000000e+00 8.000000000000000000e+00
2.400000000000000000e+01 2.054000000000000000e+03 3.000000000000000000e+00 2.000000000000000000e+00
2.600000000000000000e+01 2.080000000000000000e+03 3.000000000000000000e+00 2.000000000000000000e+00
3.100000000000000000e+01 2.793000000000000000e+03 5.000000000000000000e+00 4.000000000000000000e+00
2.500000000000000000e+01 5.600000000000000000e+02 0.000000000000000000e+00 0.000000000000000000e+00
2.900000000000000000e+01 3.280000000000000000e+02 0.000000000000000000e+00 0.000000000000000000e+00
2.700000000000000000e+01 1.770000000000000000e+02 0.000000000000000000e+00 0.000000000000000000e+00
2.700000000000000000e+01 4.710000000000000000e+02 0.000000000000000000e+00 0.000000000000000000e+00
2.500000000000000000e+01 1.656000000000000000e+03 1.000000000000000000e+00 1.000000000000000000e+00
2.200000000000000000e+01 2.691000000000000000e+03 4.000000000000000000e+00 8.000000000000000000e+00
2.100000000000000000e+01 1.000000000000000000e+00 0.000000000000000000e+00 0.000000000000000000e+00
2.300000000000000000e+01 1.164000000000000000e+03 2.000000000000000000e+00 1.000000000000000000e+00
2.300000000000000000e+01 1.023000000000000000e+03 1.000000000000000000e+00 3.000000000000000000e+00
2.900000000000000000e+01 1.313000000000000000e+03 0.000000000000000000e+00 9.000000000000000000e+00
2.600000000000000000e+01 3.110000000000000000e+02 0.000000000000000000e+00 1.000000000000000000e+00
2.500000000000000000e+01 2.320000000000000000e+02 0.000000000000000000e+00 0.000000000000000000e+00
