2.800000000000000000e+01 1.408000000000000000e+03 2.000000000000000000e+00 1.000000000000000000e+00
3.000000000000000000e+01 9.670000000000000000e+02 0.000000000000000000e+00 0.000000000000000000e+00
2.600000000000000000e+01 2.628000000000000000e+03 4.000000000000000000e+00 7.000000000000000000e+00
2.800000000000000000e+01 1.339000000000000000e+03 3.000000000000000000e+00 0.000000000000000000e+00
2.700000000000000000e+01 5.290000000000000000e+02 0.000000000000000000e+00 0.000000000000000000e+00
2.600000000000000000e+01 1.754000000000000000e+03 5.000000000000000000e+00 1.000000000000000000e+01
2.500000000000000000e+01 5.600000000000000000e+02 0.000000000000000000e+00 0.000000000000000000e+00
3.200000000000000000e+01 9.900000000000000000e+02 0.000000000000000000e+00 0.000000000000000000e+00
2.700000000000000000e+01 1.570000000000000000e+03 0.000000000000000000e+00 0.000000000000000000e+00
2.500000000000000000e+01 2.256000000000000000e+03 2.000000000000000000e+00 2.000000000000000000e+00
3.500000000000000000e+01 2.970000000000000000e+03 0.000000000000000000e+00 0.000000000000000000e+00
2.700000000000000000e+01 3.800000000000000000e+02 0.000000000000000000e+00 0.000000000000000000e+00
2.200000000000000000e+01 6.910000000000000000e+02 1.000000000000000000e+00 0.000000000000000000e+00
2.400000000000000000e+01 1.518000000000000000e+03 0.000000000000000000e+00 0.000000000000000000e+00
3.500000000000000000e+01 1.681000000000000000e+03 8.000000000000000000e+00 9.000000000000000000e+00
2.500000000000000000e+01 2.694000000000000000e+03 0.000000000000000000e+00 1.000000000000000000e+00
2.800000000000000000e+01 5.130000000000000000e+02 0.000000000000000000e+00 0.000000000000000000e+00
2.200000000000000000e+01 2.691000000000000000e+03 4.000000000000000000e+00 8.000000000000000000e+00
2.500000000000000000e+01 1.656000000000000000e+03 1.000000000000000000e+00 1.000000000000000000e+00
2.700000000000000000e+01 1.770000000000000000e+02 0.000000000000000000e+00 0.000000000000000000e+00
3.600000000000000000e+01 9.000000000000000000e+02 0.000000000000000000e+00 0.000000000000000000e+00
3.000000000000000000e+01 1.966000000000000000e+03 0.000000000000000000e+00 0.000000000000000000e+00
3.600000000000000000e+01 4.970000000000000000e+02 0.000000000000000000e+00 0.000000000000000000e+00
2.500000000000000000e+01 2.398000000000000000e+03 1.000000000000000000e+00 1.000000000000000000e+00
2.500000000000000000e+01 1.625000000000000000e+03 0.000000000000000000e+00 0.000000000000000000e+00
2.200000000000000000e+01 4.670000000000000000e+02 1.000000000000000000e+00 0.000000000000000000e+00
2.700000000000000000e+01 1.504000000000000000e+03 0.000000000000000000e+00 0.000000000000000000e+00
2.300000000000000000e+01 2.000000000000000000e+00 0.000000000000000000e+00 0.000000000000000000e+00
2.800000000000000000e+01 2.279000000000000000e+03 3.000000000000000000e+00 8.000000000000000000e+00
2.500000000000000000e+01 1.360000000000000000e+02 0.000000000000000000e+00 0.000000000000000000e+00
3.900000000000000000e+01 1.080000000000000000e+03 0.000000000000000000e+00 0.000000000000000000e+00
2.400000000000000000e+01 5.700000000000000000e+01 0.000000000000000000e+00 0.000000000000000000e+00
2.000000000000000000e+01 3.560000000000000000e+02 0.000000000000000000e+00 3.000000000000000000e+00
3.100000000000000000e+01 7.020000000000000000e+02 2.000000000000000000e+00 0.000000000000000000e+00
3.200000000000000000e+01 2.900000000000000000e+02 0.000000000000000000e+00 1.000000000000000000e+00
3.100000000000000000e+01 2.292000000000000000e+03 1.000000000000000000e+00 2.000000000000000000e+00
2.900000000000000000e+01 2.114000000000000000e+03 2.000000000000000000e+00 2.000000000000000000e+00
3.300000000000000000e+01 1.792000000000000000e+03 0.000000000000000000e+00 0.000000000000000000e+00
3.500000000000000000e+01 2.970000000000000000e+03 0.000000000000000000e+00 0.000000000000000000e+00
2.800000000000000000e+01 2.052000000000000000e+03 2.000000000000000000e+00 0.000000000000000000e+00
2.600000000000000000e+01 9.000000000000000000e+01 0.000000000000000000e+00 0.000000000000000000e+00
2.700000000000000000e+01 9.190000000000000000e+02 0.000000000000000000e+00 1.000000000000000000e+00
2.400000000000000000e+01 1.000000000000000000e+00 0.000000000000000000e+00 0.000000000000000000e+00
2.700000000000000000e+01 1.418000000000000000e+03 1.000000000000000000e+00 2.000000000000000000e+00
2.100000000000000000e+01 1.460000000000000000e+03 2.000000000000000000e+00 0.000000000000000000e+00
3.500000000000000000e+01 5.400000000000000000e+02 0.000000000000000000e+00 0.000000000000000000e+00
2.700000000000000000e+01 2.430000000000000000e+03 0.000000000000000000e+00 0.000000000000000000e+00
2.800000000000000000e+01 2.664000000000000000e+03 1.000000000000000000e+00 1.000000000000000000e+00
3.400000000000000000e+01 1.150000000000000000e+03 0.000000000000000000e+00 0.000000000000000000e+00
3.400000000000000000e+01 6.300000000000000000e+02 0.000000000000000000e+00 0.000000000000000000e+00
