2.500000000000000000e+01 2.694000000000000000e+03 0.000000000000000000e+00 1.000000000000000000e+00
3.100000000000000000e+01 1.243000000000000000e+03 1.000000000000000000e+00 4.000000000000000000e+00
3.000000000000000000e+01 2.495000000000000000e+03 1.000000000000000000e+00 5.000000000000000000e+00
3.600000000000000000e+01 9.000000000000000000e+02 0.000000000000000000e+00 0.000000000000000000e+00
2.700000000000000000e+01 2.690000000000000000e+02 0.000000000000000000e+00 0.000000000000000000e+00
2.400000000000000000e+01 1.900000000000000000e+01 0.000000000000000000e+00 0.000000000000000000e+00
2.700000000000000000e+01 2.430000000000000000e+03 0.000000000000000000e+00 0.000000000000000000e+00
2.300000000000000000e+01 2.000000000000000000e+00 0.000000000000000000e+00 0.000000000000000000e+00
2.200000000000000000e+01 6.320000000000000000e+02 0.000000000000000000e+00 0.000000000000000000e+00
2.500000000000000000e+01 1.625000000000000000e+03 0.000000000000000000e+00 0.000000000000000000e+00
2.700000000000000000e+01 1.449000000000000000e+03 0.000000000000000000e+00 0.000000000000000000e+00
3.400000000000000000e+01 1.800000000000000000e+02 0.000000000000000000e+00 0.000000000000000000e+00
3.100000000000000000e+01 2.793000000000000000e+03 5.000000000000000000e+00 4.000000000000000000e+00
3.200000000000000000e+01 1.783000000000000000e+03 4.000000000000000000e+00 4.000000000000000000e+00
2.800000000000000000e+01 2.664000000000000000e+03 1.000000000000000000e+00 1.000000000000000000e+00
3.400000000000000000e+01 1.366000000000000000e+03 1.000000000000000000e+00 0.000000000000000000e+00
3.100000000000000000e+01 6.220000000000000000e+02 0.000000000000000000e+00 1.000000000000000000e+00
2.700000000000000000e+01 5.700000000000000000e+01 0.000000000000000000e+00 0.000000000000000000e+00
2.900000000000000000e+01 3.280000000000000000e+02 0.000000000000000000e+00 0.000000000000000000e+00
3.700000000000000000e+01 5.100000000000000000e+02 0.000000000000000000e+00 0.000000000000000000e+00
2.800000000000000000e+01 1.408000000000000000e+03 2.000000000000000000e+00 1.000000000000000000e+00
2.800000000000000000e+01 1.983000000000000000e+03 0.000000000000000000e+00 0.000000000000000000e+00
3.400000000000000000e+01 2.413000000000000000e+03 1.000000000000000000e+00 1.200000000000000000e+01
2.500000000000000000e+01 2.256000000000000000e+03 2.000000000000000000e+00 2.000000000000000000e+00
2.800000000000000000e+01 1.451000000000000000e+03 0.000000000000000000e+00 0.000000000000000000e+00
2.400000000000000000e+01 1.430000000000000000e+02 0.000000000000000000e+00 0.000000000000000000e+00
2.600000000000000000e+01 2.736000000000000000e+03 8.000000000000000000e+00 1.000000000000000000e+01
3.300000000000000000e+01 2.559000000000000000e+03 4.000000000000000000e+00 7.000000000000000000e+00
3.400000000000000000e+01 1.150000000000000000e+03 0.000000000000000000e+00 0.000000000000000000e+00
2.800000000000000000e+01 1.835000000000000000e+03 0.000000000000000000e+00 0.000000000000000000e+00
2.800000000000000000e+01 2.831000000000000000e+03 0.000000000000000000e+00 2.000000000000000000e+00
2.900000000000000000e+01 2.453000000000000000e+03 1.000000000000000000e+00 0.000000000000000000e+00
2.900000000000000000e+01 2.493000000000000000e+03 0.000000000000000000e+00 1.000000000000000000e+00
3.300000000000000000e+01 3.060000000000000000e+03 0.000000000000000000e+00 0.000000000000000000e+00
1.900000000000000000e+01 1.900000000000000000e+01 0.000000000000000000e+00 0.000000000000000000e+00
2.400000000000000000e+01 2.054000000000000000e+03 3.000000000000000000e+00 2.000000000000000000e+00
2.700000000000000000e+01 1.418000000000000000e+03 1.000000000000000000e+00 2.000000000000000000e+00
2.500000000000000000e+01 1.462000000000000000e+03 1.000000000000000000e+00 2.000000000000000000e+00
2.300000000000000000e+01 3.600000000000000000e+02 0.000000000000000000e+00 0.000000000000000000e+00
2.100000000000000000e+01 1.000000000000000000e+00 0.000000000000000000e+00 0.000000000000000000e+00
3.400000000000000000e+01 2.797000000000000000e+03 1.000000000000000000e+00 1.000000000000000000e+00
2.400000000000000000e+01 6.100000000000000000e+02 0.000000000000000000e+00 0.000000000000000000e+00
2.600000000000000000e+01 2.080000000000000000e+03 3.000000000000000000e+00 2.000000000000000000e+00
2.700000000000000000e+01 7.200000000000000000e+02 0.000000000000000000e+00 0.000000000000000000e+00
2.800000000000000000e+01 9.510000000000000000e+02 1.000000000000000000e+00 2.000000000000000000e+00
2.100000000000000000e+01 1.000000000000000000e+00 0.000000000000000000e+00 0.000000000000000000e+00
2.300000000000000000e+01 1.023000000000000000e+03 1.000000000000000000e+00 3.000000000000000000e+00
3.100000000000000000e+01 3.760000000000000000e+02 1.000000000000000000e+00 1.000000000000000000e+00
2.800000000000000000e+01 1.339000000000000000e+03 3.000000000000000000e+00 0.000000000000000000e+00
3.200000000000000000e+01 1.350000000000000000e+03 0.000000000000000000e+00 0.000000000000000000e+00
