2.400000000000000000e+01 1.709000000000000000e+03 5.000000000000000000e+00 4.000000000000000000e+00
2.700000000000000000e+01 2.019000000000000000e+03 1.000000000000000000e+00 0.000000000000000000e+00
3.500000000000000000e+01 2.970000000000000000e+03 0.000000000000000000e+00 0.000000000000000000e+00
2.300000000000000000e+01 2.000000000000000000e+00 0.000000000000000000e+00 0.000000000000000000e+00
2.400000000000000000e+01 2.727000000000000000e+03 5.000000000000000000e+00 8.000000000000000000e+00
2.700000000000000000e+01 1.897000000000000000e+03 4.000000000000000000e+00 1.600000000000000000e+01
2.700000000000000000e+01 2.566000000000000000e+03 1.000000000000000000e+00 0.000000000000000000e+00
3.000000000000000000e+01 2.495000000000000000e+03 1.000000000000000000e+00 5.000000000000000000e+00
2.300000000000000000e+01 1.023000000000000000e+03 1.000000000000000000e+00 3.000000000000000000e+00
2.300000000000000000e+01 1.284000000000000000e+03 1.000000000000000000e+00 1.000000000000000000e+00
3.100000000000000000e+01 1.080000000000000000e+02 0.000000000000000000e+00 0.000000000000000000e+00
2.300000000000000000e+01 3.600000000000000000e+02 0.000000000000000000e+00 0.000000000000000000e+00
2.000000000000000000e+01 5.000000000000000000e+00 0.000000000000000000e+00 0.000000000000000000e+00
3.200000000000000000e+01 4.400000000000000000e+02 1.000000000000000000e+00 1.000000000000000000e+00
2.400000000000000000e+01 9.000000000000000000e+01 0.000000000000000000e+00 0.000000000000000000e+00
2.500000000000000000e+01 1.462000000000000000e+03 1.000000000000000000e+00 2.000000000000000000e+00
2.500000000000000000e+01 1.625000000000000000e+03 0.000000000000000000e+00 0.000000000000000000e+00
2.300000000000000000e+01 1.291000000000000000e+03 2.000000000000000000e+00 2.000000000000000000e+00
2.700000000000000000e+01 1.504000000000000000e+03 0.000000000000000000e+00 0.000000000000000000e+00
3.200000000000000000e+01 1.783000000000000000e+03 4.000000000000000000e+00 4.000000000000000000e+00
2.500000000000000000e+01 1.446000000000000000e+03 1.000000000000000000e+00 5.000000000000000000e+00
2.100000000000000000e+01 2.000000000000000000e+00 0.000000000000000000e+00 0.000000000000000000e+00
3.300000000000000000e+01 9.000000000000000000e+01 0.000000000000000000e+00 0.000000000000000000e+00
2.400000000000000000e+01 1.430000000000000000e+02 0.000000000000000000e+00 0.000000000000000000e+00
2.900000000000000000e+01 1.368000000000000000e+03 2.000000000000000000e+00 3.000000000000000000e+00
3.500000000000000000e+01 3.060000000000000000e+03 0.000000000000000000e+00 0.000000000000000000e+00
3.100000000000000000e+01 1.890000000000000000e+03 1.000000000000000000e+00 1.000000000000000000e+00
3.000000000000000000e+01 8.980000000000000000e+02 2.000000000000000000e+00 4.000000000000000000e+00
2.900000000000000000e+01 2.433000000000000000e+03 2.000000000000000000e+00 2.000000000000000000e+00
3.100000000000000000e+01 6.220000000000000000e+02 0.000000000000000000e+00 1.000000000000000000e+00
3.000000000000000000e+01 1.950000000000000000e+03 5.000000000000000000e+00 1.100000000000000000e+01
2.200000000000000000e+01 1.380000000000000000e+02 0.000000000000000000e+00 1.000000000000000000e+00
2.800000000000000000e+01 1.339000000000000000e+03 3.000000000000000000e+00 0.000000000000000000e+00
2.700000000000000000e+01 2.524000000000000000e+03 3.000000000000000000e+00 1.600000000000000000e+01
2.800000000000000000e+01 2.184000000000000000e+03 1.000000000000000000e+00 1.000000000000000000e+00
2.500000000000000000e+01 2.407000000000000000e+03 0.000000000000000000e+00 1.000000000000000000e+00
3.400000000000000000e+01 1.150000000000000000e+03 0.000000000000000000e+00 0.000000000000000000e+00
2.900000000000000000e+01 1.422000000000000000e+03 5.000000000000000000e+00 6.000000000000000000e+00
3.400000000000000000e+01 8.080000000000000000e+02 0.000000000000000000e+00 2.000000000000000000e+00
2.400000000000000000e+01 1.518000000000000000e+03 0.000000000000000000e+00 0.000000000000000000e+00
3.700000000000000000e+01 7.940000000000000000e+02 0.000000000000000000e+00 3.000000000000000000e+00
3.200000000000000000e+01 1.350000000000000000e+03 0.000000000000000000e+00 0.000000000000000000e+00
2.100000000000000000e+01 1.800000000000000000e+01 0.000000000000000000e+00 0.000000000000000000e+00
2.300000000000000000e+01 1.415000000000000000e+03 4.000000000000000000e+00 5.000000000000000000e+00
2.400000000000000000e+01 8.300000000000000000e+01 0.000000000000000000e+00 0.000000000000000000e+00
1.900000000000000000e+01 2.500000000000000000e+01 0.000000000000000000e+00 0.000000000000000000e+00
2.100000000000000000e+01 1.000000000000000000e+00 0.000000000000000000e+00 0.000000000000000000e+00
2.600000000000000000e+01 1.463000000000000000e+03 1.000000000000000000e+00 5.000000000000000000e+00
2.500000000000000000e+01 5.600000000000000000e+02 0.000000000000000000e+00 0.000000000000000000e+00
3.300000000000000000e+01 3.060000000000000000e+02 0.000000000000000000e+00 0.000000000000000000e+00
