3.200000000000000000e+01 8.190000000000000000e+02 1.000000000000000000e+00 0.000000000000000000e+00
2.200000000000000000e+01 2.234000000000000000e+03 7.000000000000000000e+00 9.000000000000000000e+00
2.600000000000000000e+01 8.930000000000000000e+02 0.000000000000000000e+00 3.000000000000000000e+00
3.100000000000000000e+01 1.890000000000000000e+03 1.000000000000000000e+00 1.000000000000000000e+00
3.400000000000000000e+01 1.800000000000000000e+02 0.000000000000000000e+00 0.000000000000000000e+00
2.700000000000000000e+01 6.590000000000000000e+02 0.000000000000000000e+00 0.000000000000000000e+00
2.400000000000000000e+01 6.770000000000000000e+02 0.000000000000000000e+00 0.000000000000000000e+00
2.900000000000000000e+01 1.750000000000000000e+03 3.000000000000000000e+00 1.000000000000000000e+01
2.300000000000000000e+01 1.023000000000000000e+03 1.000000000000000000e+00 3.000000000000000000e+00
2.800000000000000000e+01 1.616000000000000000e+03 1.000000000000000000e+00 0.000000000000000000e+00
3.300000000000000000e+01 1.449000000000000000e+03 4.000000000000000000e+00 1.100000000000000000e+01
3.000000000000000000e+01 2.070000000000000000e+03 3.000000000000000000e+00 0.000000000000000000e+00
2.500000000000000000e+01 1.360000000000000000e+02 0.000000000000000000e+00 0.000000000000000000e+00
2.700000000000000000e+01 2.019000000000000000e+03 2.000000000000000000e+00 0.000000000000000000e+00
2.000000000000000000e+01 7.400000000000000000e+01 0.000000000000000000e+00 1.000000000000000000e+00
3.500000000000000000e+01 1.260000000000000000e+02 0.000000000000000000e+00 0.000000000000000000e+00
2.800000000000000000e+01 2.052000000000000000e+03 2.000000000000000000e+00 0.000000000000000000e+00
2.600000000000000000e+01 2.080000000000000000e+03 3.000000000000000000e+00 2.000000000000000000e+00
2.400000000000000000e+01 1.824000000000000000e+03 3.000000000000000000e+00 3.000000000000000000e+00
2.800000000000000000e+01 2.831000000000000000e+03 0.000000000000000000e+00 2.000000000000000000e+00
2.700000000000000000e+01 4.710000000000000000e+02 0.000000000000000000e+00 0.000000000000000000e+00
3.000000000000000000e+01 1.458000000000000000e+03 0.000000000000000000e+00 2.000000000000000000e+00
3.000000000000000000e+01 1.565000000000000000e+03 3.000000000000000000e+00 1.000000000000000000e+00
2.600000000000000000e+01 2.220000000000000000e+02 0.000000000000000000e+00 0.000000000000000000e+00
3.000000000000000000e+01 1.000000000000000000e+00 0.000000000000000000e+00 0.000000000000000000e+00
2.800000000000000000e+01 2.279000000000000000e+03 3.000000000000000000e+00 8.000000000000000000e+00
3.100000000000000000e+01 1.884000000000000000e+03 1.000000000000000000e+00 5.000000000000000000e+00
2.400000000000000000e+01 1.000000000000000000e+00 0.000000000000000000e+00 0.000000000000000000e+00
2.500000000000000000e+01 1.841000000000000000e+03 0.000000000000000000e+00 1.000000000000000000e+00
2.000000000000000000e+01 2.000000000000000000e+01 0.000000000000000000e+00 0.000000000000000000e+00
3.000000000000000000e+01 1.278000000000000000e+03 2.000000000000000000e+00 0.000000000000000000e+00
2.700000000000000000e+01 5.290000000000000000e+02 0.000000000000000000e+00 0.000000000000000000e+00
2.900000000000000000e+01 9.360000000000000000e+02 0.000000000000000000e+00 5.000000000000000000e+00
2.200000000000000000e+01 1.700000000000000000e+01 0.000000000000000000e+00 0.000000000000000000e+00
2.700000000000000000e+01 2.524000000000000000e+03 3.000000000000000000e+00 1.600000000000000000e+01
2.500000000000000000e+01 3.260000000000000000e+02 0.000000000000000000e+00 1.000000000000000000e+00
3.400000000000000000e+01 2.413000000000000000e+03 1.000000000000000000e+00 1.200000000000000000e+01
3.000000000000000000e+01 1.966000000000000000e+03 0.000000000000000000e+00 0.000000000000000000e+00
2.100000000000000000e+01 1.600000000000000000e+01 0.000000000000000000e+00 0.000000000000000000e+00
3.600000000000000000e+01 4.970000000000000000e+02 0.000000000000000000e+00 0.000000000000000000e+00
2.900000000000000000e+01 1.313000000000000000e+03 0.000000000000000000e+00 9.000000000000000000e+00
2.400000000000000000e+01 2.727000000000000000e+03 5.000000000000000000e+00 8.000000000000000000e+00
3.400000000000000000e+01 2.340000000000000000e+03 0.000000000000000000e+00 0.000000000000000000e+00
3.100000000000000000e+01 1.018000000000000000e+03 3.000000000000000000e+00 0.000000000000000000e+00
2.400000000000000000e+01 2.461000000000000000e+03 9.000000000000000000e+00 5.000000000000000000e+00
2.200000000000000000e+01 6.320000000000000000e+02 0.000000000000000000e+00 0.000000000000000000e+00
3.000000000000000000e+01 1.950000000000000000e+03 5.000000000000000000e+00 1.100000000000000000e+01
2.700000000000000000e+01 3.800000000000000000e+02 0.000000000000000000e+00 0.000000000000000000e+00
2.900000000000000000e+01 3.280000000000000000e+02 0.000000000000000000e+00 0.000000000000000000e+00
2.800000000000000000e+01 1.502000000000000000e+03 1.000000000000000000e+00 0.000000000000000000e+00
