100000.0 3098333.3333333335
3098333.3333333335 6096666.666666667
100000.0 3098333.3333333335
100000.0 3098333.3333333335
6096666.666666667 9095000.0
100000.0 3098333.3333333335
6096666.666666667 9095000.0
100000.0 3098333.3333333335
100000.0 3098333.3333333335
100000.0 3098333.3333333335
138023333.33333334 141021666.6666667
3098333.3333333335 6096666.666666667
100000.0 3098333.3333333335
9095000.0 12093333.333333334
100000.0 3098333.3333333335
100000.0 3098333.3333333335
3098333.3333333335 6096666.666666667
3098333.3333333335 6096666.666666667
27085000.0 30083333.333333336
3098333.3333333335 6096666.666666667
12093333.333333334 15091666.666666668
100000.0 3098333.3333333335
100000.0 3098333.3333333335
100000.0 3098333.3333333335
3098333.3333333335 6096666.666666667
3098333.3333333335 6096666.666666667
100000.0 3098333.3333333335
100000.0 3098333.3333333335
100000.0 3098333.3333333335
3098333.3333333335 6096666.666666667
100000.0 3098333.3333333335
100000.0 3098333.3333333335
100000.0 3098333.3333333335
100000.0 3098333.3333333335
3098333.3333333335 6096666.666666667
18090000.0 21088333.333333336
100000.0 3098333.3333333335
100000.0 3098333.3333333335
12093333.333333334 15091666.666666668
6096666.666666667 9095000.0
100000.0 3098333.3333333335
100000.0 3098333.3333333335
100000.0 3098333.3333333335
100000.0 3098333.3333333335
100000.0 3098333.3333333335
100000.0 3098333.3333333335
6096666.666666667 9095000.0
100000.0 3098333.3333333335
9095000.0 12093333.333333334
3098333.3333333335 6096666.666666667
3098333.3333333335 6096666.666666667
3098333.3333333335 6096666.666666667
18090000.0 21088333.333333336
100000.0 3098333.3333333335
100000.0 3098333.3333333335
100000.0 3098333.3333333335
100000.0 3098333.3333333335
3098333.3333333335 6096666.666666667
9095000.0 12093333.333333334
100000.0 3098333.3333333335
3098333.3333333335 6096666.666666667
24086666.666666668 27085000.0
100000.0 3098333.3333333335
57068333.333333336 60066666.66666667
100000.0 3098333.3333333335
