1.599166000000000000e+06
1.659083300000000000e+07
1.059416600000000000e+07
2.558583300000000000e+07
1.599166000000000000e+06
1.599166000000000000e+06
7.595833000000000000e+06
1.059416600000000000e+07
7.595833000000000000e+06
1.599166000000000000e+06
7.595833000000000000e+06
1.599166000000000000e+06
4.597500000000000000e+06
4.597500000000000000e+06
1.599166000000000000e+06
1.599166000000000000e+06
1.599166000000000000e+06
1.599166000000000000e+06
7.595833000000000000e+06
1.599166000000000000e+06
1.599166000000000000e+06
4.597500000000000000e+06
1.599166000000000000e+06
1.599166000000000000e+06
1.599166000000000000e+06
4.597500000000000000e+06
4.057750000000000000e+07
5.856750000000000000e+07
1.599166000000000000e+06
4.597500000000000000e+06
2.858416600000000000e+07
1.599166000000000000e+06
4.597500000000000000e+06
1.659083300000000000e+07
1.599166000000000000e+06
1.599166000000000000e+06
4.597500000000000000e+06
4.597500000000000000e+06
1.599166000000000000e+06
4.597500000000000000e+06
1.599166000000000000e+06
1.599166000000000000e+06
1.359250000000000000e+07
1.599166000000000000e+06
1.599166000000000000e+06
4.597500000000000000e+06
1.599166000000000000e+06
1.599166000000000000e+06
7.595833000000000000e+06
4.597500000000000000e+06
4.597500000000000000e+06
1.599166000000000000e+06
1.599166000000000000e+06
1.599166000000000000e+06
1.599166000000000000e+06
1.599166000000000000e+06
1.599166000000000000e+06
4.597500000000000000e+06
1.599166000000000000e+06
1.059416600000000000e+07
-1.000000000000000000e+00
4.357583300000000000e+07
1.599166000000000000e+06
2.558583300000000000e+07
7.355916600000000000e+07
