1.599166000000000000e+06
1.599166000000000000e+06
7.355916600000000000e+07
7.595833000000000000e+06
4.597500000000000000e+06
4.597500000000000000e+06
1.599166000000000000e+06
1.599166000000000000e+06
1.599166000000000000e+06
1.599166000000000000e+06
4.597500000000000000e+06
4.597500000000000000e+06
1.599166000000000000e+06
1.599166000000000000e+06
1.599166000000000000e+06
1.599166000000000000e+06
2.558583300000000000e+07
4.597500000000000000e+06
1.599166000000000000e+06
2.858416600000000000e+07
1.599166000000000000e+06
1.599166000000000000e+06
4.597500000000000000e+06
1.599166000000000000e+06
7.355916600000000000e+07
1.599166000000000000e+06
1.599166000000000000e+06
1.599166000000000000e+06
1.599166000000000000e+06
1.599166000000000000e+06
4.597500000000000000e+06
1.599166000000000000e+06
4.597500000000000000e+06
4.597500000000000000e+06
3.757916600000000000e+07
1.599166000000000000e+06
2.858416600000000000e+07
7.595833000000000000e+06
1.599166000000000000e+06
4.597500000000000000e+06
1.599166000000000000e+06
1.599166000000000000e+06
1.599166000000000000e+06
4.597500000000000000e+06
1.599166000000000000e+06
1.599166000000000000e+06
4.597500000000000000e+06
1.599166000000000000e+06
1.599166000000000000e+06
1.599166000000000000e+06
4.597500000000000000e+06
1.599166000000000000e+06
4.597500000000000000e+06
1.599166000000000000e+06
1.659083300000000000e+07
1.599166000000000000e+06
4.597500000000000000e+06
1.599166000000000000e+06
1.599166000000000000e+06
1.599166000000000000e+06
1.599166000000000000e+06
1.599166000000000000e+06
1.599166000000000000e+06
1.395225000000000000e+08
2.858416600000000000e+07
