1.599166000000000000e+06
7.595833000000000000e+06
1.599166000000000000e+06
4.597500000000000000e+06
1.599166000000000000e+06
1.059416600000000000e+07
1.599166000000000000e+06
2.558583300000000000e+07
1.599166000000000000e+06
1.599166000000000000e+06
7.595833000000000000e+06
1.599166000000000000e+06
4.957250000000000000e+07
1.599166000000000000e+06
4.597500000000000000e+06
1.599166000000000000e+06
1.599166000000000000e+06
1.599166000000000000e+06
1.599166000000000000e+06
1.059416600000000000e+07
1.599166000000000000e+06
1.599166000000000000e+06
4.957250000000000000e+07
1.599166000000000000e+06
2.558583300000000000e+07
4.597500000000000000e+06
1.599166000000000000e+06
4.597500000000000000e+06
1.059416600000000000e+07
1.599166000000000000e+06
1.599166000000000000e+06
1.599166000000000000e+06
1.958916600000000000e+07
4.057750000000000000e+07
1.599166000000000000e+06
4.597500000000000000e+06
1.599166000000000000e+06
-1.000000000000000000e+00
-1.000000000000000000e+00
1.659083300000000000e+07
7.595833000000000000e+06
1.599166000000000000e+06
1.599166000000000000e+06
1.599166000000000000e+06
1.599166000000000000e+06
7.595833000000000000e+06
1.599166000000000000e+06
4.597500000000000000e+06
1.599166000000000000e+06
1.599166000000000000e+06
1.599166000000000000e+06
1.599166000000000000e+06
7.595833000000000000e+06
4.597500000000000000e+06
1.599166000000000000e+06
7.595833000000000000e+06
2.858416600000000000e+07
1.599166000000000000e+06
7.595833000000000000e+06
1.599166000000000000e+06
1.599166000000000000e+06
1.599166000000000000e+06
1.599166000000000000e+06
1.599166000000000000e+06
1.599166000000000000e+06
