1.599166000000000000e+06
1.599166000000000000e+06
1.599166000000000000e+06
1.599166000000000000e+06
4.597500000000000000e+06
1.599166000000000000e+06
4.597500000000000000e+06
1.599166000000000000e+06
1.599166000000000000e+06
4.597500000000000000e+06
1.599166000000000000e+06
7.595833000000000000e+06
1.599166000000000000e+06
1.599166000000000000e+06
1.599166000000000000e+06
7.595833000000000000e+06
4.597500000000000000e+06
1.599166000000000000e+06
1.599166000000000000e+06
4.597500000000000000e+06
1.599166000000000000e+06
1.599166000000000000e+06
1.599166000000000000e+06
7.595833000000000000e+06
1.059416600000000000e+07
1.599166000000000000e+06
1.599166000000000000e+06
1.599166000000000000e+06
1.599166000000000000e+06
1.599166000000000000e+06
4.597500000000000000e+06
4.597500000000000000e+06
1.599166000000000000e+06
1.599166000000000000e+06
1.599166000000000000e+06
1.599166000000000000e+06
4.597500000000000000e+06
1.599166000000000000e+06
1.599166000000000000e+06
-1.000000000000000000e+00
4.597500000000000000e+06
1.599166000000000000e+06
1.599166000000000000e+06
1.599166000000000000e+06
1.599166000000000000e+06
1.599166000000000000e+06
1.599166000000000000e+06
4.597500000000000000e+06
1.599166000000000000e+06
1.599166000000000000e+06
1.599166000000000000e+06
1.599166000000000000e+06
3.158250000000000000e+07
7.595833000000000000e+06
4.597500000000000000e+06
1.599166000000000000e+06
1.599166000000000000e+06
4.597500000000000000e+06
4.597500000000000000e+06
1.359250000000000000e+07
7.595833000000000000e+06
1.599166000000000000e+06
1.599166000000000000e+06
1.599166000000000000e+06
1.659083300000000000e+07
