1.599166000000000000e+06
1.599166000000000000e+06
1.599166000000000000e+06
1.599166000000000000e+06
3.458083300000000000e+07
1.599166000000000000e+06
4.597500000000000000e+06
1.599166000000000000e+06
1.599166000000000000e+06
4.597500000000000000e+06
4.597500000000000000e+06
4.597500000000000000e+06
1.599166000000000000e+06
1.599166000000000000e+06
3.158250000000000000e+07
1.599166000000000000e+06
1.599166000000000000e+06
1.599166000000000000e+06
1.599166000000000000e+06
1.599166000000000000e+06
1.599166000000000000e+06
1.599166000000000000e+06
1.958916600000000000e+07
1.599166000000000000e+06
7.595833000000000000e+06
1.599166000000000000e+06
1.599166000000000000e+06
4.597500000000000000e+06
2.558583300000000000e+07
4.597500000000000000e+06
7.595833000000000000e+06
1.599166000000000000e+06
2.558583300000000000e+07
1.599166000000000000e+06
4.597500000000000000e+06
1.599166000000000000e+06
4.597500000000000000e+06
1.599166000000000000e+06
2.858416600000000000e+07
1.599166000000000000e+06
1.059416600000000000e+07
1.599166000000000000e+06
1.599166000000000000e+06
1.599166000000000000e+06
1.599166000000000000e+06
4.597500000000000000e+06
2.558583300000000000e+07
4.597500000000000000e+06
4.597500000000000000e+06
1.599166000000000000e+06
4.597500000000000000e+06
1.599166000000000000e+06
7.595833000000000000e+06
1.599166000000000000e+06
2.558583300000000000e+07
1.599166000000000000e+06
1.599166000000000000e+06
1.599166000000000000e+06
1.395225000000000000e+08
1.599166000000000000e+06
4.357583300000000000e+07
1.599166000000000000e+06
1.359250000000000000e+07
4.597500000000000000e+06
1.599166000000000000e+06
