3.098333000000000000e+06
3.098333000000000000e+06
9.095000000000000000e+06
2.708500000000000000e+07
3.098333000000000000e+06
3.098333000000000000e+06
2.708500000000000000e+07
2.708500000000000000e+07
3.098333000000000000e+06
3.098333000000000000e+06
3.098333000000000000e+06
3.098333000000000000e+06
9.095000000000000000e+06
3.098333000000000000e+06
3.098333000000000000e+06
3.098333000000000000e+06
3.098333000000000000e+06
3.098333000000000000e+06
3.098333000000000000e+06
3.098333000000000000e+06
3.098333000000000000e+06
3.098333000000000000e+06
3.098333000000000000e+06
3.098333000000000000e+06
3.098333000000000000e+06
3.098333000000000000e+06
3.098333000000000000e+06
3.098333000000000000e+06
2.708500000000000000e+07
3.907833300000000000e+07
9.095000000000000000e+06
3.098333000000000000e+06
3.098333000000000000e+06
7.505833300000000000e+07
3.098333000000000000e+06
3.098333000000000000e+06
3.098333000000000000e+06
3.098333000000000000e+06
3.098333000000000000e+06
3.098333000000000000e+06
3.098333000000000000e+06
3.098333000000000000e+06
3.098333000000000000e+06
9.095000000000000000e+06
3.098333000000000000e+06
3.098333000000000000e+06
9.095000000000000000e+06
3.308166600000000000e+07
1.410216660000000000e+08
9.095000000000000000e+06
