3.098333000000000000e+06
9.095000000000000000e+06
2.708500000000000000e+07
3.098333000000000000e+06
3.098333000000000000e+06
3.098333000000000000e+06
1.509166600000000000e+07
3.098333000000000000e+06
1.509166600000000000e+07
3.098333000000000000e+06
9.095000000000000000e+06
3.098333000000000000e+06
3.098333000000000000e+06
3.098333000000000000e+06
3.098333000000000000e+06
3.098333000000000000e+06
2.708500000000000000e+07
3.098333000000000000e+06
5.107166600000000000e+07
9.095000000000000000e+06
9.095000000000000000e+06
3.098333000000000000e+06
3.098333000000000000e+06
3.098333000000000000e+06
3.098333000000000000e+06
3.098333000000000000e+06
3.098333000000000000e+06
3.098333000000000000e+06
3.098333000000000000e+06
9.095000000000000000e+06
3.098333000000000000e+06
3.098333000000000000e+06
3.098333000000000000e+06
3.098333000000000000e+06
3.098333000000000000e+06
9.095000000000000000e+06
3.098333000000000000e+06
3.098333000000000000e+06
1.509166600000000000e+07
3.098333000000000000e+06
3.098333000000000000e+06
3.098333000000000000e+06
3.098333000000000000e+06
3.098333000000000000e+06
3.098333000000000000e+06
9.095000000000000000e+06
3.098333000000000000e+06
3.098333000000000000e+06
3.098333000000000000e+06
3.098333000000000000e+06
