3.098333000000000000e+06
3.098333000000000000e+06
3.098333000000000000e+06
3.098333000000000000e+06
3.098333000000000000e+06
1.509166600000000000e+07
3.098333000000000000e+06
3.098333000000000000e+06
7.505833300000000000e+07
3.098333000000000000e+06
9.095000000000000000e+06
3.098333000000000000e+06
9.095000000000000000e+06
3.098333000000000000e+06
3.907833300000000000e+07
3.098333000000000000e+06
3.098333000000000000e+06
3.098333000000000000e+06
3.098333000000000000e+06
3.308166600000000000e+07
3.098333000000000000e+06
3.098333000000000000e+06
3.098333000000000000e+06
3.098333000000000000e+06
3.098333000000000000e+06
3.098333000000000000e+06
3.098333000000000000e+06
3.098333000000000000e+06
3.098333000000000000e+06
3.098333000000000000e+06
9.095000000000000000e+06
9.095000000000000000e+06
3.098333000000000000e+06
9.095000000000000000e+06
3.098333000000000000e+06
9.095000000000000000e+06
3.098333000000000000e+06
3.098333000000000000e+06
3.098333000000000000e+06
3.098333000000000000e+06
3.098333000000000000e+06
3.098333000000000000e+06
9.095000000000000000e+06
9.095000000000000000e+06
3.098333000000000000e+06
3.098333000000000000e+06
3.098333000000000000e+06
3.098333000000000000e+06
3.098333000000000000e+06
3.098333000000000000e+06
