25.0 2694.0 0.2152720019221305 1.5021085226908326 30000000
28.0 1408.0 2.6257726550102234 1.7601174786686895 3000000
30.0 1754.0 2.9064023923128843 4.879844713956118 22000000
31.0 1243.0 1.8128424733877184 4.543117884546518 4000000
30.0 2495.0 1.6643879432231188 5.465372884646058 7000000
26.0 893.0 0.449071105569601 3.553670769557357 3000000
37.0 510.0 0.0 0.0 300000
34.0 1366.0 1.1259861383587122 0.7337436862289906 2000000
27.0 1570.0 0.649039376527071 0.9669527672231196 4000000
28.0 1451.0 0.6532729091122746 0.8977809008210897 6000000
29.0 2436.0 8.180333945900202 5.173838408663869 25000000
30.0 345.0 1.7516733082011342 0.179864096455276 600000
30.0 2340.0 0.0648099035024643 0.0 4000000
33.0 2703.0 11.074682033620777 7.324288273230195 2000000
22.0 2226.0 2.0152131840586662 0.6349932085722685 10000000
33.0 306.0 0.0195038001984357 0.0748640969395637 1000000
31.0 2292.0 1.029463890939951 2.4828245490789413 3000000
24.0 83.0 0.0 0.080918900668621 500000
26.0 1934.0 0.0605163015425205 0.429217092692852 6000000
19.0 19.0 0.0487035997211933 0.0 18000000
23.0 1291.0 2.6284044701606035 2.666957816109061 18000000
33.0 897.0 1.7605633363127708 3.77974421903491 1000000
21.0 1.0 0.0 0.0 300000
21.0 1460.0 2.4704787489026785 0.4481054097414017 12000000
26.0 222.0 0.0818390026688575 0.0893872994929552 3000000
20.0 1.0 0.0 0.0 6000000
27.0 2566.0 1.2082694992423058 0.3342985529452562 3000000
33.0 582.0 1.08432237803936 0.2337681977078318 2000000
27.0 1897.0 4.9029772616922855 16.290899142622948 35000000
24.0 501.0 0.355854369699955 0.1338525004684925 6000000
27.0 720.0 0.0 0.0 9000000
34.0 2797.0 1.6698649385944009 1.346700431779027 1000000
24.0 2461.0 9.276841456070542 5.183287084102631 80000000
28.0 1502.0 1.140797710046172 0.3898823698982596 6000000
25.0 2256.0 2.331596754491329 2.2176283886656165 40000000
21.0 5.0 0.0 0.0 3000000
25.0 232.0 0.3058874979615211 0.4416798986494541 1000000
26.0 2080.0 3.7558081168681374 2.024175141006708 14000000
26.0 2717.0 0.7720028860494494 2.1293888464570045 15000000
35.0 74.0 0.030308399349451 0.0 350000
24.0 126.0 0.0 0.034078299999237 1000000
26.0 93.0 0.0766080021858215 0.0 500000
32.0 974.0 1.0674054101109505 0.5452681872993708 800000
23.0 527.0 0.3644072394818067 0.7752301301807165 75000000
36.0 270.0 0.0 0.0 500000
26.0 2628.0 4.053210898302496 7.250016514211893 12000000
28.0 1482.0 2.0900166016072035 3.229747664183378 25000000
27.0 471.0 0.3145593404769897 0.0 3000000
20.0 20.0 0.0 0.0984577015042305 10000000
25.0 1462.0 1.239668756723404 2.333084085956216 23000000
26.0 1311.0 1.4154658820480108 5.148620136082172 12000000
25.0 3.0 0.0 0.0242472644895315 1000000
39.0 1080.0 0.0 0.0972940996289253 4000000
28.0 2831.0 0.2827197015285492 2.208632368594408 8000000
24.0 1824.0 3.009401008486748 3.1746669095009565 28000000
26.0 2874.0 1.047677090391517 2.565204307436943 35000000
27.0 2019.0 2.4861039081588387 0.1656611412763595 2000000
35.0 3060.0 0.0070306798443198 0.0 3000000
20.0 261.0 0.0689318142831325 0.1101806992664933 6000000
30.0 1950.0 5.648855604231358 11.549345068633556 22000000
34.0 2413.0 1.6903651049360633 12.65513789653778 4000000
33.0 2399.0 0.3608082067221403 0.7811163887381554 800000
35.0 126.0 0.1018759980797767 0.0419234000146389 1000000
30.0 2070.0 3.4950895430520177 0.5616206908598542 3000000
22.0 17.0 0.0 0.0 225000
24.0 677.0 0.8041299879550934 0.2448204951360821 45000000
36.0 900.0 0.0 0.0 4000000
26.0 2671.0 7.074136344715953 14.64113382063806 30000000
31.0 376.0 1.671581469476223 1.9865181352943184 5000000
27.0 659.0 0.0140263997018337 0.0846455032005906 1000000
24.0 19.0 0.0 0.0 7000000
26.0 2000.0 1.5759431831538675 1.9074955079704523 4000000
23.0 1023.0 1.474237971007824 3.2202591560781 32000000
29.0 1313.0 0.7966726366430521 9.38143016025424 4000000
27.0 529.0 0.7371878288686275 0.3913880111649632 500000
29.0 1892.0 0.5656399503350258 0.9302280703559518 6000000
22.0 632.0 0.1612498201429844 0.2196661764755845 25000000
35.0 236.0 0.0 0.0 400000
32.0 1680.0 2.0287047550082207 2.735402003861964 1000000
32.0 819.0 1.0357914343476295 0.911996278911829 1000000
29.0 1965.0 2.870787415653467 9.723146203905344 7000000
25.0 1841.0 0.4464748632162809 1.2504343139007688 2000000
31.0 1290.0 0.1009339243173599 0.0 2000000
32.0 290.0 0.0589382015168666 1.3475146889686584 700000
31.0 622.0 0.2817846015095711 1.0313598802313209 8000000
35.0 1681.0 8.518348589539528 9.138495799154043 6000000
22.0 1089.0 4.696660354733467 0.583570022135973 140000000
23.0 90.0 0.0 0.0 7000000
23.0 82.0 0.0 0.0 18000000
35.0 540.0 0.0 0.0 2000000
19.0 25.0 0.1065335199236869 0.0204049106687307 8000000
29.0 1368.0 2.0624763034284115 3.2538157887756824 4000000
25.0 11.0 0.0 0.0114804999902844 3000000
27.0 1449.0 0.231786735355854 0.2810891196131706 7000000
29.0 328.0 0.3803223073482513 0.2455215007066726 3000000
27.0 1073.0 3.82255975715816 0.8621763680130243 25000000
26.0 1754.0 5.750813579186797 10.436273377388716 25000000
24.0 459.0 0.0 0.2030751034617424 2000000
33.0 1.0 0.0 0.0 700000
33.0 2559.0 4.462550288066268 7.937801500782371 800000
30.0 1565.0 3.3516891915351152 1.0406534112989902 3000000
33.0 1792.0 0.5047658076509833 0.0 1000000
23.0 2102.0 3.693452760577202 5.838947834447026 5000000
30.0 1966.0 0.6481539979577065 0.4143489804118871 2000000
29.0 472.0 0.0700377002358436 0.1709995046257972 5000000
26.0 1463.0 1.2215128345414996 5.402720060199499 75000000
26.0 425.0 0.3275195760652423 1.4649172388017178 3000000
29.0 2114.0 2.3738548597320914 2.632200049236417 8000000
29.0 1234.0 0.3776967730373144 0.8531193770468235 3000000
22.0 138.0 0.1401693001389503 1.5902240723371506 8000000
21.0 146.0 0.1452826000750064 0.0431731007993221 7000000
34.0 630.0 0.0 0.0 800000
24.0 2727.0 5.546072905883193 8.343600986525416 50000000
26.0 1844.0 4.820160567760468 4.005698628723621 12000000
21.0 2.0 0.0 0.0 25000000
34.0 808.0 0.2061348855495453 2.4619248006492853 400000
26.0 2736.0 8.54252471961081 10.234066966921093 30000000
26.0 561.0 0.7803259948268533 0.5536708999425173 3000000
24.0 90.0 0.0439608991146087 0.0 700000
37.0 2070.0 0.0 0.0 250000
28.0 1339.0 3.1968461498618126 0.7913053203374147 5000000
31.0 1125.0 0.1241120994091034 0.6021239012479782 1000000
25.0 1446.0 1.564659825526178 5.577013881877065 18000000
27.0 380.0 0.6243885392323136 0.3327627163380384 13000000
22.0 92.0 0.0331138996407389 0.0592698007822036 16000000
25.0 505.0 0.2979666888713836 0.3409315627068281 2000000
27.0 2524.0 3.983339882455766 16.923396602272987 75000000
29.0 484.0 0.1038269996643066 0.0 25000000
23.0 2.0 0.0 0.0 15000000
23.0 1164.0 2.154107490554452 1.4669535979628563 4000000
32.0 990.0 0.0 0.0 500000
24.0 2054.0 3.4712795857340097 2.2144710374996066 50000000
25.0 326.0 0.3252255991101265 1.3547090254724026 6000000
28.0 2052.0 2.8494056733325124 0.4756427016109228 12000000
20.0 306.0 1.1524579226970673 0.9362808931618928 30000000
27.0 269.0 0.2671682983636856 0.0849440013989806 3000000
22.0 691.0 1.2129683569073677 0.9112387504428624 6000000
30.0 898.0 2.982987130060792 4.195837607607245 8000000
24.0 2970.0 1.628925770521164 1.3219706201925874 50000000
33.0 2766.0 4.618421275168657 3.3162593068555 4000000
28.0 951.0 1.001922182738781 2.1176350452005863 20000000
29.0 936.0 0.4347322918474674 5.551570445299149 27000000
37.0 794.0 0.8842783905565739 3.454763725399971 100000
28.0 1830.0 2.625666566193104 2.184434296563268 6000000
28.0 513.0 0.8936613043770194 0.79405059479177 5000000
31.0 1890.0 1.4878265084698796 1.5949499029666183 7000000
29.0 2433.0 2.9406278133392334 2.2471003998070955 25000000
31.0 2793.0 5.049588920548558 4.634974149055779 5000000
27.0 1686.0 5.142054616473615 0.6448879111558199 20000000
31.0 702.0 2.386744869872928 0.5249998066574335 1000000
29.0 2453.0 1.2931853868067265 0.5788446050137281 3000000
27.0 292.0 0.0932124927639961 2.658486820757389 2000000
32.0 1247.0 1.4726438075304031 0.6438299268484116 1000000
28.0 1616.0 1.513440130278468 0.5045134099200368 3000000
28.0 1983.0 0.2349334768950939 0.5706223398447037 12000000
35.0 2970.0 0.0 0.0 2000000
21.0 151.0 0.0383976958692073 0.1830796971917152 8000000
26.0 1665.0 1.506558766588569 2.7983853723853827 40000000
24.0 143.0 0.4530500024557113 0.0943684019148349 1000000
29.0 898.0 0.111005999147892 0.2889015795662999 8000000
34.0 1150.0 0.2955212965607643 0.3011024799197912 300000
27.0 1294.0 5.5300625106319785 2.686814596876502 60000000
22.0 4.0 0.0 0.0 7000000
20.0 356.0 0.6357373185455799 3.4526608996093278 35000000
30.0 967.0 0.2204422019422054 0.0263745998963713 1000000
32.0 1549.0 2.874298401176929 2.4878762275911868 2000000
27.0 919.0 0.9806190077215432 1.910547488369048 3000000
33.0 1449.0 4.721706811338663 11.784473165869713 8000000
28.0 2184.0 1.6054319348186257 1.4496939424425364 15000000
29.0 2.0 0.0 0.0 25000000
28.0 1835.0 0.731495875865221 0.2617388470098376 2000000
31.0 1440.0 0.9563902327790856 4.819524594582617 1000000
30.0 1.0 0.0 0.0 4000000
21.0 1.0 0.0 0.0 400000
29.0 1750.0 3.752897428348661 10.774427261203527 4000000
36.0 1349.0 2.9453289173543453 6.243561610579491 2000000
29.0 1422.0 5.7907725758850574 6.010770929977298 30000000
29.0 403.0 0.5230220556259155 0.7782582882791758 600000
24.0 1.0 0.0 0.0 700000
27.0 57.0 0.490369101986289 0.0 2000000
29.0 2493.0 0.6195285189896822 1.1917415522038937 30000000
21.0 16.0 0.1591960042715072 0.0 3000000
24.0 610.0 0.6222708076238632 0.1621479000896215 25000000
25.0 2407.0 0.7707531871274114 1.305196895264089 38000000
28.0 2664.0 1.1121019199490547 1.9447151282802224 7000000
22.0 2234.0 7.170549068599939 9.34594888612628 140000000
22.0 467.0 1.2515475004911425 0.1339329071342945 7000000
23.0 360.0 0.0 0.0 500000
34.0 180.0 0.1495841294527053 0.0 900000
25.0 2398.0 1.4368626717478037 1.2696625823155046 5000000
19.0 12.0 0.0419234000146389 0.5974339842796326 4000000
28.0 2279.0 3.55752938054502 8.885730244219303 12000000
33.0 3060.0 0.905303120613098 0.055024329572916 4000000
36.0 497.0 0.2118978044018149 0.2302397042512893 800000
31.0 1884.0 1.8561384845525024 5.957216642796993 2000000
25.0 136.0 0.0615838002413511 0.4399879872798919 850000
23.0 2470.0 1.3067817650735378 1.3324642069637775 50000000
30.0 2823.0 7.107447650283575 1.971965449862182 45000000
31.0 1248.0 2.9800966046750546 9.811639262363316 3000000
32.0 1350.0 0.0 0.3653876734897494 500000
26.0 311.0 0.2890466079115867 1.260027188807726 5000000
27.0 2430.0 0.0 0.0 40000000
24.0 1518.0 0.141922403126955 0.1056530978530645 25000000
26.0 90.0 0.0 0.0 3000000
25.0 560.0 0.511153195053339 0.0 32000000
25.0 540.0 1.2732256054878237 3.820821888744831 35000000
30.0 1278.0 2.7751849070191383 0.448430448770523 500000
23.0 2167.0 0.6161073902621865 1.7560912743210793 75000000
21.0 18.0 0.0 0.0107124000787734 500000
22.0 2691.0 4.233295059762895 8.504038363695145 180000000
32.0 440.0 1.010751306079328 1.6576167549937963 2000000
31.0 1018.0 3.012342065572738 0.740132313221693 15000000
25.0 1625.0 0.0744308996945619 0.4165764041244983 25000000
27.0 2019.0 1.0906317457556725 0.3968515675514936 1000000
20.0 74.0 0.0522785075008869 1.67596223205328 10000000
30.0 2414.0 1.1337046343833208 1.495253399014473 9000000
28.0 18.0 0.0 0.0 8000000
24.0 1709.0 5.654376212507486 4.009688466787338 15000000
33.0 1479.0 2.74373023211956 4.590440109372139 3000000
25.0 1656.0 1.960865007713437 1.5494726430624723 7000000
34.0 2340.0 0.0389438010752201 0.0 700000
27.0 2415.0 3.547700279392302 8.07651238143444 22000000
22.0 596.0 1.4485626854002476 4.03692801296711 7000000
25.0 81.0 0.0 0.5969429910182953 16000000
21.0 1.0 0.0 0.0 3000000
31.0 108.0 0.070090003311634 0.0533485002815723 800000
24.0 57.0 0.0097193894907832 0.4974861890077591 600000
27.0 1418.0 1.3238185830414295 2.706375576555729 16000000
33.0 90.0 0.0 0.0 1000000
27.0 177.0 0.5267039984464645 0.0629824995994567 500000
20.0 5.0 0.0 0.0 4000000
27.0 1504.0 0.973279032856226 0.5458100996911526 10000000
27.0 1046.0 0.5472482964396477 0.7529485132545233 20000000
20.0 1122.0 1.814800746738911 7.62364936619997 10000000
35.0 2970.0 0.0 0.0 2000000
23.0 1415.0 4.353858232498169 5.589663118124008 45000000
32.0 1783.0 4.707967482507229 4.397832648828626 5000000
22.0 8.0 0.0 0.0 125000
23.0 1284.0 1.4539695186540484 1.006381593644619 15000000
30.0 1458.0 0.9176380978897214 2.327514637261629 3000000
29.0 1997.0 5.158201150596142 9.470278967171907 32000000
